WORK_ID,MP_NAME,HOUSE,STATE,CONSTITUENCY,CITY,WARD,BLOCK,VILLAGE,WORK_CATEGORY,WORK_DESCRIPTION,IMPLEMENTING_AUTHORITY,RECOMMENDED_DATE,IDA_APPROVAL,ALLOCATION_AMOUNT,STATUS
MPLADS-000554,Shri Tapir Gao ,Lok Sabha,Arunachal Pradesh,ARUNACHAL EAST,,,Pangin Eac,Lokpeng,Normal/Others,NA - Construction of public irrigation facilities,Deputy Commisioner Siang_IDA,2024-02-26,Action Pending,200000,Unsanctioned
MPLADS-002874,Kiren Rijiju,Lok Sabha,Arunachal Pradesh,ARUNACHAL WEST,,,Sago,Lipu Namchi,Normal/Others,NA - Construction of footpaths and pedestrian ways,Deputy Commisioner Leparada_IDA,2024-02-05,Action Pending,200000,Unsanctioned
MPLADS-002875,Kiren Rijiju,Lok Sabha,Arunachal Pradesh,ARUNACHAL WEST,,,Basar Adc,Pagi,Normal/Others,NA - Construction of footpaths and pedestrian ways,Deputy Commisioner Leparada_IDA,2024-02-05,Action Pending,200000,Unsanctioned
MPLADS-003326,Kiren Rijiju,Lok Sabha,Arunachal Pradesh,ARUNACHAL WEST,,,Kaying Eac,Kerang I,Normal/Others,NA - Construction of footpaths and pedestrian ways,Deputy Commisioner Siang_IDA,2024-02-02,Action Pending,250000,Unsanctioned
MPLADS-003327,Kiren Rijiju,Lok Sabha,Arunachal Pradesh,ARUNACHAL WEST,,,Jomlo Mobuk Circle,Sipeng,Normal/Others,"NA - Construction of roads, link roads, pathways or any other road with or without drainage system",Deputy Commisioner Siang_IDA,2024-02-02,Action Pending,300000,Unsanctioned
MPLADS-004526,Kiren Rijiju,Lok Sabha,Arunachal Pradesh,ARUNACHAL WEST,,,Ziro Hq,Hong - I,Normal/Others,"NA - Construction of roads, link roads, pathways or any other road with or without drainage system",Deputy Commissioner Lower Subansir_IDA,2024-01-24,Action Pending,2000000,Unsanctioned
MPLADS-004536,Kiren Rijiju,Lok Sabha,Arunachal Pradesh,ARUNACHAL WEST,Itanagar,12,,,Normal/Others,NA - Construction of boundary walls of existing public and community buildings,DEPUTY COMMISSIONER PAPUM PARE_IDA,2024-01-24,Action Pending,2000000,Unsanctioned
MPLADS-006114,Kiren Rijiju,Lok Sabha,Arunachal Pradesh,ARUNACHAL WEST,,,Daring Circle,Old Daring,Normal/Others,NA - Construction of public toilets and bathrooms,Deputy Commisioner Leparada_IDA,2024-01-19,Action Pending,200000,Unsanctioned
MPLADS-006536,Kiren Rijiju,Lok Sabha,Arunachal Pradesh,ARUNACHAL WEST,,,Kamba Adc,Dego Kamki,Normal/Others,NA - Development of playground,DEPUTY COMMISSIONER WEST SIANG_IDA,2024-01-18,Action Pending,300000,Unsanctioned
MPLADS-006703,Shri Tapir Gao ,Lok Sabha,Arunachal Pradesh,ARUNACHAL EAST,,,Yingkiong Circle,Halleng,Normal/Others,NA - Construction of boundary walls of existing public and community buildings,DC Upper Siang_IDA,2024-01-17,Action Pending,300000,Unsanctioned
MPLADS-006704,Shri Tapir Gao ,Lok Sabha,Arunachal Pradesh,ARUNACHAL EAST,,,Oyan Circle,Mangnang,Normal/Others,"NA - Construction of roads, link roads, pathways or any other road with or without drainage system",Deputy Commisioner East Siang_IDA,2024-01-17,Action Pending,250000,Unsanctioned
MPLADS-006705,Shri Tapir Gao ,Lok Sabha,Arunachal Pradesh,ARUNACHAL EAST,,,Roing Hq,Malek,Normal/Others,NA - Construction of flood control embankments,Deputy Commisioner Lower Dibang Valley_IDA,2024-01-17,Action Pending,300000,Unsanctioned
MPLADS-006707,Shri Tapir Gao ,Lok Sabha,Arunachal Pradesh,ARUNACHAL EAST,,,Bilat Circle,Miglung,Normal/Others,NA - Construction of flood control embankments,Deputy Commisioner East Siang_IDA,2024-01-17,Action Pending,200000,Unsanctioned
MPLADS-007193,Kiren Rijiju,Lok Sabha,Arunachal Pradesh,ARUNACHAL WEST,,,Itanagar Eac,Birup,Normal/Others,NA - Construction of boundary walls of existing public and community buildings,DEPUTY COMMISSIONER PAPUM PARE_IDA,2024-01-15,Action Pending,500000,Unsanctioned
MPLADS-008728,Kiren Rijiju,Lok Sabha,Arunachal Pradesh,ARUNACHAL WEST,,,Tirbin Eac,Moba Doke,Normal/Others,NA - Development of playground,Deputy Commisioner Leparada_IDA,2024-01-09,Action Pending,300000,Unsanctioned
MPLADS-008732,Kiren Rijiju,Lok Sabha,Arunachal Pradesh,ARUNACHAL WEST,,,Daporijo Hq,Rapen Nima,Normal/Others,NA - Development of playground,Deputy Commisioner Upper Subansiri_IDA,2024-01-09,Action Pending,200000,Unsanctioned
MPLADS-008876,Shri Tapir Gao ,Lok Sabha,Arunachal Pradesh,ARUNACHAL EAST,,,Pasighat Hq,Sibut,Normal/Others,NA - Construction of rooms and halls in school and colleges,Deputy Commisioner East Siang_IDA,2024-01-08,Action Pending,300000,Unsanctioned
MPLADS-008877,Kiren Rijiju,Lok Sabha,Arunachal Pradesh,ARUNACHAL WEST,,,Aalo Hq,Hissam,Normal/Others,NA - Construction of footpaths and pedestrian ways,DEPUTY COMMISSIONER WEST SIANG_IDA,2024-01-08,Action Pending,300000,Unsanctioned
MPLADS-008878,Kiren Rijiju,Lok Sabha,Arunachal Pradesh,ARUNACHAL WEST,,,Nafra Eac,Nafra East,Normal/Others,NA - Construction of boundary walls of existing public and community buildings,Deputy Commisioner West Kameng_IDA,2024-01-08,Action Pending,600000,Unsanctioned
MPLADS-008879,Kiren Rijiju,Lok Sabha,Arunachal Pradesh,ARUNACHAL WEST,,,Nafra Eac,Nafra East,Normal/Others,NA - Construction of rooms and halls in school and colleges,Deputy Commisioner West Kameng_IDA,2024-01-08,Action Pending,400000,Unsanctioned
MPLADS-008967,Shri Tapir Gao ,Lok Sabha,Arunachal Pradesh,ARUNACHAL EAST,,,Soha Circle,Soha,Normal/Others,"NA - Construction of roads, link roads, pathways or any other road with or without drainage system",DEPUTY COMMISSIONER TIRAP_IDA,2024-01-08,Action Pending,1000000,Unsanctioned
MPLADS-009448,Shri Tapir Gao ,Lok Sabha,Arunachal Pradesh,ARUNACHAL EAST,,,Oyan Circle,Sika Tode,Normal/Others,NA - Construction of buildings for community cultural activities,Deputy Commisioner East Siang_IDA,2024-01-06,Action Pending,1000000,Unsanctioned
MPLADS-009449,Shri Tapir Gao ,Lok Sabha,Arunachal Pradesh,ARUNACHAL EAST,,,Roing Hq,Meka-I,Normal/Others,"NA - Construction of roads, link roads, pathways or any other road with or without drainage system",Deputy Commisioner Lower Dibang Valley_IDA,2024-01-06,Action Pending,300000,Unsanctioned
MPLADS-009755,Kiren Rijiju,Lok Sabha,Arunachal Pradesh,ARUNACHAL WEST,,,Daring Circle,Dali,Normal/Others,NA - Construction of footpaths and pedestrian ways,Deputy Commisioner Leparada_IDA,2024-01-05,Action Pending,500000,Unsanctioned
MPLADS-010062,Kiren Rijiju,Lok Sabha,Arunachal Pradesh,ARUNACHAL WEST,,,Leporiang Circle,Leporiang H.Q.,Normal/Others,"NA - Construction of roads, link roads, pathways or any other road with or without drainage system",DEPUTY COMMISSIONER PAPUM PARE_IDA,2024-01-04,Action Pending,500000,Unsanctioned
MPLADS-010346,Shri Tapir Gao ,Lok Sabha,Arunachal Pradesh,ARUNACHAL EAST,,,Dadam Circle,New Kothin,Normal/Others,NA - Construction of public irrigation facilities,DEPUTY COMMISSIONER TIRAP_IDA,2024-01-03,Action Pending,300000,Unsanctioned
MPLADS-010347,Shri Tapir Gao ,Lok Sabha,Arunachal Pradesh,ARUNACHAL EAST,,,Khonsa Hq,Khonsa,Normal/Others,NA - Construction of boundary walls of existing public and community buildings,DEPUTY COMMISSIONER TIRAP_IDA,2024-01-03,Action Pending,300000,Unsanctioned
MPLADS-010348,Shri Tapir Gao ,Lok Sabha,Arunachal Pradesh,ARUNACHAL EAST,,,Dadam Circle,Dadam,Normal/Others,NA - Tree plantation for community,DEPUTY COMMISSIONER TIRAP_IDA,2024-01-03,Action Pending,250000,Unsanctioned
MPLADS-010349,Kiren Rijiju,Lok Sabha,Arunachal Pradesh,ARUNACHAL WEST,,,Basar Adc,Nyigam,Normal/Others,NA - Construction of public toilets and bathrooms,Deputy Commisioner Leparada_IDA,2024-01-03,Action Pending,300000,Unsanctioned
MPLADS-010350,Kiren Rijiju,Lok Sabha,Arunachal Pradesh,ARUNACHAL WEST,,,Doimukh Sdo,Midpu,Normal/Others,NA - Community Toilets,DEPUTY COMMISSIONER PAPUM PARE_IDA,2024-01-03,Action Pending,500000,Unsanctioned
MPLADS-010351,Shri Tapir Gao ,Lok Sabha,Arunachal Pradesh,ARUNACHAL EAST,,,Tinali Paglam Circle,Banggo,Normal/Others,NA - Construction of culverts and bridges,Deputy Commisioner Lower Dibang Valley_IDA,2024-01-03,Action Pending,200000,Unsanctioned
MPLADS-011929,Kiren Rijiju,Lok Sabha,Arunachal Pradesh,ARUNACHAL WEST,,,Siyum Adc,Eru,Normal/Others,NA - Development of playground,Deputy Commisioner Upper Subansiri_IDA,2023-12-27,Action Pending,400000,Unsanctioned
MPLADS-011930,Kiren Rijiju,Lok Sabha,Arunachal Pradesh,ARUNACHAL WEST,,,Daring Circle,Rilu,Normal/Others,NA - Construction of footpaths and pedestrian ways,Deputy Commisioner Leparada_IDA,2023-12-27,Action Pending,200000,Unsanctioned
MPLADS-011932,Kiren Rijiju,Lok Sabha,Arunachal Pradesh,ARUNACHAL WEST,,,Nacho Sdo,Nacho H.Q.,Normal/Others,NA - Construction of footpaths and pedestrian ways,Deputy Commisioner Upper Subansiri_IDA,2023-12-27,Action Pending,200000,Unsanctioned
MPLADS-011988,Kiren Rijiju,Lok Sabha,Arunachal Pradesh,ARUNACHAL WEST,,,Taliha Adc,Taliha H.Q.,Normal/Others,NA - Community Toilets,Deputy Commisioner Upper Subansiri_IDA,2023-12-27,Action Pending,500000,Unsanctioned
MPLADS-012033,Kiren Rijiju,Lok Sabha,Arunachal Pradesh,ARUNACHAL WEST,,,Liromoba Eac,Bole Upper,Normal/Others,NA - Construction of footpaths and pedestrian ways,DEPUTY COMMISSIONER WEST SIANG_IDA,2023-12-27,Action Pending,500000,Unsanctioned
MPLADS-012035,Kiren Rijiju,Lok Sabha,Arunachal Pradesh,ARUNACHAL WEST,,,Maro Circle,Pani Muri,Normal/Others,NA - Development of playground,Deputy Commisioner Upper Subansiri_IDA,2023-12-27,Action Pending,400000,Unsanctioned
MPLADS-012037,Kiren Rijiju,Lok Sabha,Arunachal Pradesh,ARUNACHAL WEST,,,Likabali Sdo,Kuntor,Normal/Others,NA - Providing drains and gutters for public drainage,Deputy Commisioner Lower Siang_IDA,2023-12-27,Action Pending,200000,Unsanctioned
MPLADS-012039,Kiren Rijiju,Lok Sabha,Arunachal Pradesh,ARUNACHAL WEST,,,Kangku Circle,Kangku,Normal/Others,NA - Providing drains and gutters for public drainage,Deputy Commisioner Lower Siang_IDA,2023-12-27,Action Pending,250000,Unsanctioned
MPLADS-012040,Kiren Rijiju,Lok Sabha,Arunachal Pradesh,ARUNACHAL WEST,,,Kangku Circle,Kamcham,Normal/Others,NA - Providing drains and gutters for public drainage,Deputy Commisioner Lower Siang_IDA,2023-12-27,Action Pending,200000,Unsanctioned
MPLADS-012041,Kiren Rijiju,Lok Sabha,Arunachal Pradesh,ARUNACHAL WEST,,,Kombo Circle,Tadin,Normal/Others,NA - Providing drains and gutters for public drainage,DEPUTY COMMISSIONER WEST SIANG_IDA,2023-12-27,Action Pending,300000,Unsanctioned
MPLADS-012042,Kiren Rijiju,Lok Sabha,Arunachal Pradesh,ARUNACHAL WEST,,,Darak Circle,Boru Raksap,Normal/Others,NA - Providing drains and gutters for public drainage,DEPUTY COMMISSIONER WEST SIANG_IDA,2023-12-27,Action Pending,300000,Unsanctioned
MPLADS-012043,Kiren Rijiju,Lok Sabha,Arunachal Pradesh,ARUNACHAL WEST,,,Basar Adc,Nyigam,Normal/Others,NA - Construction of public toilets and bathrooms,Deputy Commisioner Leparada_IDA,2023-12-27,Action Pending,300000,Unsanctioned
MPLADS-012044,Kiren Rijiju,Lok Sabha,Arunachal Pradesh,ARUNACHAL WEST,,,Lada Circle,Granjang,Normal/Others,NA - Development of playground,Deputy Commisioner East Kameng_IDA,2023-12-27,Action Pending,500000,Unsanctioned
MPLADS-012045,Kiren Rijiju,Lok Sabha,Arunachal Pradesh,ARUNACHAL WEST,,,Khenawa Circle,Waii,Normal/Others,NA - Development of playground,Deputy Commisioner East Kameng_IDA,2023-12-27,Action Pending,500000,Unsanctioned
MPLADS-012046,Kiren Rijiju,Lok Sabha,Arunachal Pradesh,ARUNACHAL WEST,,,Lada Circle,Lower Liyak,Normal/Others,NA - Development of playground,Deputy Commisioner East Kameng_IDA,2023-12-27,Action Pending,500000,Unsanctioned
MPLADS-012047,Kiren Rijiju,Lok Sabha,Arunachal Pradesh,ARUNACHAL WEST,,,Sawa Circle,Lamnio-I (Res),Normal/Others,NA - Development of playground,Deputy Commisioner East Kameng_IDA,2023-12-27,Action Pending,500000,Unsanctioned
MPLADS-012049,Kiren Rijiju,Lok Sabha,Arunachal Pradesh,ARUNACHAL WEST,,,Nilling Circle,Sebing,Normal/Others,NA - Development of playground,Deputy Commisioner Upper Subansiri_IDA,2023-12-27,Action Pending,200000,Unsanctioned
MPLADS-012061,Kiren Rijiju,Lok Sabha,Arunachal Pradesh,ARUNACHAL WEST,,,Chetam Peer Yapu Circle,Belu,Normal/Others,NA - Construction of bus-sheds or bus-stops,Deputy Commisioner Upper Subansiri_IDA,2023-12-27,Action Pending,200000,Unsanctioned
MPLADS-012062,Kiren Rijiju,Lok Sabha,Arunachal Pradesh,ARUNACHAL WEST,,,Nilling Circle,Nilling,Normal/Others,NA - Construction of footpaths and pedestrian ways,Deputy Commisioner Upper Subansiri_IDA,2023-12-27,Action Pending,200000,Unsanctioned
MPLADS-012077,Kiren Rijiju,Lok Sabha,Arunachal Pradesh,ARUNACHAL WEST,,,Kangku Circle,Germe,Normal/Others,NA - Providing drains and gutters for public drainage,Deputy Commisioner Lower Siang_IDA,2023-12-27,Action Pending,1000000,Unsanctioned
MPLADS-012091,Kiren Rijiju,Lok Sabha,Arunachal Pradesh,ARUNACHAL WEST,,,Daporijo Hq,Nima,Normal/Others,NA - Development of playground,Deputy Commisioner Upper Subansiri_IDA,2023-12-27,Action Pending,400000,Unsanctioned
MPLADS-012111,Kiren Rijiju,Lok Sabha,Arunachal Pradesh,ARUNACHAL WEST,,,Siyum Adc,Dingdopa,Normal/Others,NA - Construction of footpaths and pedestrian ways,Deputy Commisioner Upper Subansiri_IDA,2023-12-27,Action Pending,400000,Unsanctioned
MPLADS-012112,Kiren Rijiju,Lok Sabha,Arunachal Pradesh,ARUNACHAL WEST,,,Nacho Sdo,Diri,Normal/Others,NA - Construction of footpaths and pedestrian ways,Deputy Commisioner Upper Subansiri_IDA,2023-12-27,Action Pending,300000,Unsanctioned
MPLADS-012113,Kiren Rijiju,Lok Sabha,Arunachal Pradesh,ARUNACHAL WEST,,,Seppa Hq,Donigaon,Normal/Others,NA - Development of playground,Deputy Commisioner East Kameng_IDA,2023-12-27,Action Pending,500000,Unsanctioned
MPLADS-012114,Kiren Rijiju,Lok Sabha,Arunachal Pradesh,ARUNACHAL WEST,,,Seppa Hq,12th Mile Camp,Normal/Others,NA - Construction of footpaths and pedestrian ways,Deputy Commisioner East Kameng_IDA,2023-12-27,Action Pending,500000,Unsanctioned
MPLADS-012115,Kiren Rijiju,Lok Sabha,Arunachal Pradesh,ARUNACHAL WEST,,,Nilling Circle,Dabu,Normal/Others,NA - Development of playground,Deputy Commisioner Upper Subansiri_IDA,2023-12-27,Action Pending,200000,Unsanctioned
MPLADS-012116,Kiren Rijiju,Lok Sabha,Arunachal Pradesh,ARUNACHAL WEST,,,Giba Circle,Leya,Normal/Others,NA - Providing drains and gutters for public drainage,Deputy Commisioner Upper Subansiri_IDA,2023-12-27,Action Pending,300000,Unsanctioned
MPLADS-012415,Kiren Rijiju,Lok Sabha,Arunachal Pradesh,ARUNACHAL WEST,,,Bagra Circle,Nigmoi,Normal/Others,NA - Construction of boundary walls of existing public and community buildings,DEPUTY COMMISSIONER WEST SIANG_IDA,2023-12-26,Action Pending,500000,Unsanctioned
MPLADS-012477,Kiren Rijiju,Lok Sabha,Arunachal Pradesh,ARUNACHAL WEST,,,Nikte Kodum Circle,Yigi Kaum(Eshi Moku),Normal/Others,NA - Development of playground,DEPUTY COMMISSIONER WEST SIANG_IDA,2023-12-26,Action Pending,400000,Unsanctioned
MPLADS-012478,Kiren Rijiju,Lok Sabha,Arunachal Pradesh,ARUNACHAL WEST,,,Aalo Hq,Panya,Normal/Others,NA - Providing drains and gutters for public drainage,DEPUTY COMMISSIONER WEST SIANG_IDA,2023-12-26,Action Pending,300000,Unsanctioned
MPLADS-012479,Kiren Rijiju,Lok Sabha,Arunachal Pradesh,ARUNACHAL WEST,,,Kamba Adc,Dego Kamki,Normal/Others,NA - Construction of boundary walls of existing public and community buildings,DEPUTY COMMISSIONER WEST SIANG_IDA,2023-12-26,Action Pending,400000,Unsanctioned
MPLADS-012480,Kiren Rijiju,Lok Sabha,Arunachal Pradesh,ARUNACHAL WEST,,,Darak Circle,Boru Raksap,Normal/Others,NA - Community Toilets,DEPUTY COMMISSIONER WEST SIANG_IDA,2023-12-26,Action Pending,300000,Unsanctioned
MPLADS-012481,Kiren Rijiju,Lok Sabha,Arunachal Pradesh,ARUNACHAL WEST,,,Liromoba Eac,Botak - Kayi,Normal/Others,NA - Construction of community centers and community halls,DEPUTY COMMISSIONER WEST SIANG_IDA,2023-12-26,Action Pending,500000,Unsanctioned
MPLADS-012482,Kiren Rijiju,Lok Sabha,Arunachal Pradesh,ARUNACHAL WEST,,,Yomcha Adc,Gamkak,Normal/Others,NA - Construction of footpaths and pedestrian ways,DEPUTY COMMISSIONER WEST SIANG_IDA,2023-12-26,Action Pending,300000,Unsanctioned
MPLADS-012483,Kiren Rijiju,Lok Sabha,Arunachal Pradesh,ARUNACHAL WEST,,,Liromoba Eac,Ligo,Normal/Others,"NA - Construction of roads, approach roads, link roads and pathways",DEPUTY COMMISSIONER WEST SIANG_IDA,2023-12-26,Action Pending,400000,Unsanctioned
MPLADS-012484,Kiren Rijiju,Lok Sabha,Arunachal Pradesh,ARUNACHAL WEST,,,Kamba Adc,Kato Moku,Normal/Others,NA - Construction of community centers and community halls,DEPUTY COMMISSIONER WEST SIANG_IDA,2023-12-26,Action Pending,500000,Unsanctioned
MPLADS-012485,Kiren Rijiju,Lok Sabha,Arunachal Pradesh,ARUNACHAL WEST,,,Kamba Adc,Sesi Likar,Normal/Others,NA - Community Toilets,DEPUTY COMMISSIONER WEST SIANG_IDA,2023-12-26,Action Pending,400000,Unsanctioned
MPLADS-012486,Kiren Rijiju,Lok Sabha,Arunachal Pradesh,ARUNACHAL WEST,,,Kamba Adc,Nomuk,Normal/Others,NA - Construction of toilet blocks,DEPUTY COMMISSIONER WEST SIANG_IDA,2023-12-26,Action Pending,400000,Unsanctioned
MPLADS-012487,Kiren Rijiju,Lok Sabha,Arunachal Pradesh,ARUNACHAL WEST,,,Kamba Adc,Kamba H.Q.,Normal/Others,NA - Providing drains and gutters for public drainage,DEPUTY COMMISSIONER WEST SIANG_IDA,2023-12-26,Action Pending,300000,Unsanctioned
MPLADS-012488,Kiren Rijiju,Lok Sabha,Arunachal Pradesh,ARUNACHAL WEST,,,Liromoba Eac,Liromoba H.Q.,Normal/Others,NA - Construction of footpaths and pedestrian ways,DEPUTY COMMISSIONER WEST SIANG_IDA,2023-12-26,Action Pending,200000,Unsanctioned
MPLADS-012489,Kiren Rijiju,Lok Sabha,Arunachal Pradesh,ARUNACHAL WEST,,,Liromoba Eac,Esse Tamen,Normal/Others,NA - Construction of footpaths and pedestrian ways,DEPUTY COMMISSIONER WEST SIANG_IDA,2023-12-26,Action Pending,200000,Unsanctioned
MPLADS-012490,Kiren Rijiju,Lok Sabha,Arunachal Pradesh,ARUNACHAL WEST,,,Puchi Geko Circle,Muri,Normal/Others,NA - Development of playground,Deputy Commisioner Kamle_IDA,2023-12-26,Action Pending,300000,Unsanctioned
MPLADS-012491,Kiren Rijiju,Lok Sabha,Arunachal Pradesh,ARUNACHAL WEST,,,Kamporijo Circle,Begra,Normal/Others,NA - Construction of footpaths and pedestrian ways,Deputy Commisioner Kamle_IDA,2023-12-26,Action Pending,400000,Unsanctioned
MPLADS-012492,Kiren Rijiju,Lok Sabha,Arunachal Pradesh,ARUNACHAL WEST,,,Siyum Adc,Ekke,Normal/Others,NA - Construction of footpaths and pedestrian ways,Deputy Commisioner Upper Subansiri_IDA,2023-12-26,Action Pending,200000,Unsanctioned
MPLADS-012493,Kiren Rijiju,Lok Sabha,Arunachal Pradesh,ARUNACHAL WEST,,,Siyum Adc,Karam,Normal/Others,NA - Development of playground,Deputy Commisioner Upper Subansiri_IDA,2023-12-26,Action Pending,400000,Unsanctioned
MPLADS-012494,Kiren Rijiju,Lok Sabha,Arunachal Pradesh,ARUNACHAL WEST,,,Damin Circle,Damin Village,Normal/Others,NA - Construction of footpaths and pedestrian ways,Deputy Commissioner Kurung Kumey_IDA,2023-12-26,Action Pending,400000,Unsanctioned
MPLADS-012495,Kiren Rijiju,Lok Sabha,Arunachal Pradesh,ARUNACHAL WEST,,,Nyapin Adc,Longlefoth,Normal/Others,NA - Development of playground,Deputy Commissioner Kurung Kumey_IDA,2023-12-26,Action Pending,300000,Unsanctioned
MPLADS-012497,Kiren Rijiju,Lok Sabha,Arunachal Pradesh,ARUNACHAL WEST,,,Bagra Circle,Angu,Normal/Others,NA - Construction of community centers and community halls,DEPUTY COMMISSIONER WEST SIANG_IDA,2023-12-26,Action Pending,400000,Unsanctioned
MPLADS-012498,Kiren Rijiju,Lok Sabha,Arunachal Pradesh,ARUNACHAL WEST,,,Nikte Kodum Circle,Pushi Nyorak,Normal/Others,NA - Development of playground,DEPUTY COMMISSIONER WEST SIANG_IDA,2023-12-26,Action Pending,400000,Unsanctioned
MPLADS-012500,Kiren Rijiju,Lok Sabha,Arunachal Pradesh,ARUNACHAL WEST,,,Nikte Kodum Circle,Nikte Camp,Normal/Others,NA - Construction of footpaths and pedestrian ways,DEPUTY COMMISSIONER WEST SIANG_IDA,2023-12-26,Action Pending,400000,Unsanctioned
MPLADS-012501,Kiren Rijiju,Lok Sabha,Arunachal Pradesh,ARUNACHAL WEST,,,Aalo Hq,Gune Bane(Including Popn Camp),Normal/Others,NA - Construction of community centers and community halls,DEPUTY COMMISSIONER WEST SIANG_IDA,2023-12-26,Action Pending,400000,Unsanctioned
MPLADS-012502,Kiren Rijiju,Lok Sabha,Arunachal Pradesh,ARUNACHAL WEST,,,Basar Adc,Kadi,Normal/Others,NA - Construction of footpaths and pedestrian ways,Deputy Commisioner Leparada_IDA,2023-12-26,Action Pending,300000,Unsanctioned
MPLADS-012503,Kiren Rijiju,Lok Sabha,Arunachal Pradesh,ARUNACHAL WEST,,,Likabali Sdo,Silli,Normal/Others,NA - Construction of boundary walls of existing public and community buildings,Deputy Commisioner Lower Siang_IDA,2023-12-26,Action Pending,300000,Unsanctioned
MPLADS-012504,Kiren Rijiju,Lok Sabha,Arunachal Pradesh,ARUNACHAL WEST,,,Tirbin Eac,Dedu Doke,Normal/Others,NA - Construction of boundary walls of existing public and community buildings,Deputy Commisioner Leparada_IDA,2023-12-26,Action Pending,300000,Unsanctioned
MPLADS-012505,Kiren Rijiju,Lok Sabha,Arunachal Pradesh,ARUNACHAL WEST,,,Basar Adc,Nyigam,Normal/Others,NA - Construction of boundary walls of existing public and community buildings,Deputy Commisioner Leparada_IDA,2023-12-26,Action Pending,300000,Unsanctioned
MPLADS-012506,Kiren Rijiju,Lok Sabha,Arunachal Pradesh,ARUNACHAL WEST,,,Basar Adc,Nyigam,Normal/Others,NA - Construction of boundary walls of existing public and community buildings,Deputy Commisioner Leparada_IDA,2023-12-26,Action Pending,300000,Unsanctioned
MPLADS-012507,Kiren Rijiju,Lok Sabha,Arunachal Pradesh,ARUNACHAL WEST,,,Basar Adc,Kadi,Normal/Others,NA - Construction of boundary walls of existing public and community buildings,Deputy Commisioner Leparada_IDA,2023-12-26,Action Pending,300000,Unsanctioned
MPLADS-012508,Kiren Rijiju,Lok Sabha,Arunachal Pradesh,ARUNACHAL WEST,,,Basar Adc,Basar Hq,Normal/Others,NA - Construction of boundary walls of existing public and community buildings,Deputy Commisioner Leparada_IDA,2023-12-26,Action Pending,300000,Unsanctioned
MPLADS-012509,Kiren Rijiju,Lok Sabha,Arunachal Pradesh,ARUNACHAL WEST,,,Basar Adc,Nyodu,Normal/Others,NA - Construction of boundary walls of existing public and community buildings,Deputy Commisioner Leparada_IDA,2023-12-26,Action Pending,200000,Unsanctioned
MPLADS-012510,Kiren Rijiju,Lok Sabha,Arunachal Pradesh,ARUNACHAL WEST,,,Basar Adc,Pagi,Normal/Others,NA - Construction of footpaths and pedestrian ways,Deputy Commisioner Leparada_IDA,2023-12-26,Action Pending,200000,Unsanctioned
MPLADS-012511,Kiren Rijiju,Lok Sabha,Arunachal Pradesh,ARUNACHAL WEST,,,Basar Adc,Nyigam,Normal/Others,"NA - Construction of roads, link roads, pathways or any other road with or without drainage system",Deputy Commisioner Leparada_IDA,2023-12-26,Action Pending,200000,Unsanctioned
MPLADS-012512,Kiren Rijiju,Lok Sabha,Arunachal Pradesh,ARUNACHAL WEST,,,Sago,Piri,Normal/Others,NA - Development of playground,Deputy Commisioner Leparada_IDA,2023-12-26,Action Pending,200000,Unsanctioned
MPLADS-012513,Kiren Rijiju,Lok Sabha,Arunachal Pradesh,ARUNACHAL WEST,,,Basar Adc,Rete Potu,Normal/Others,NA - Construction of footpaths and pedestrian ways,Deputy Commisioner Leparada_IDA,2023-12-26,Action Pending,200000,Unsanctioned
MPLADS-012514,Kiren Rijiju,Lok Sabha,Arunachal Pradesh,ARUNACHAL WEST,,,Nikte Kodum Circle,Yigi Kaum(Eshi Moku),Normal/Others,"NA - Construction of roads, approach roads, link roads and pathways",DEPUTY COMMISSIONER WEST SIANG_IDA,2023-12-26,Action Pending,400000,Unsanctioned
MPLADS-012515,Kiren Rijiju,Lok Sabha,Arunachal Pradesh,ARUNACHAL WEST,,,Aalo Hq,Kabu,Normal/Others,"NA - Construction of roads, approach roads, link roads and pathways",DEPUTY COMMISSIONER WEST SIANG_IDA,2023-12-26,Action Pending,500000,Unsanctioned
MPLADS-012516,Kiren Rijiju,Lok Sabha,Arunachal Pradesh,ARUNACHAL WEST,,,Nikte Kodum Circle,Yigi Kaum(Eshi Moku),Normal/Others,NA - Providing drains and gutters for public drainage,DEPUTY COMMISSIONER WEST SIANG_IDA,2023-12-26,Action Pending,400000,Unsanctioned
MPLADS-012517,Kiren Rijiju,Lok Sabha,Arunachal Pradesh,ARUNACHAL WEST,,,Likabali Sdo,Dipa,Normal/Others,NA - Providing drains and gutters for public drainage,Deputy Commisioner Lower Siang_IDA,2023-12-26,Action Pending,300000,Unsanctioned
MPLADS-012518,Kiren Rijiju,Lok Sabha,Arunachal Pradesh,ARUNACHAL WEST,,,Likabali Sdo,Likabali H.Q.,Normal/Others,NA - Construction of bus-sheds or bus-stops,Deputy Commisioner Lower Siang_IDA,2023-12-26,Action Pending,400000,Unsanctioned
MPLADS-012519,Kiren Rijiju,Lok Sabha,Arunachal Pradesh,ARUNACHAL WEST,,,Gensi Eac,Bigi,Normal/Others,NA - Construction of community centers and community halls,Deputy Commisioner Lower Siang_IDA,2023-12-26,Action Pending,400000,Unsanctioned
MPLADS-012864,Shri Tapir Gao ,Lok Sabha,Arunachal Pradesh,ARUNACHAL EAST,,,Tinali Paglam Circle,Paglam III,Normal/Others,NA - Construction of culverts and bridges,Deputy Commisioner Lower Dibang Valley_IDA,2023-12-23,Action Pending,200000,Unsanctioned
MPLADS-012872,Shri Tapir Gao ,Lok Sabha,Arunachal Pradesh,ARUNACHAL EAST,,,Kharsang Circle,Namchik Havi,Normal/Others,NA - Construction of common work sheds/ common covered sitting area,Deputy Commisioner Changlang_IDA,2023-12-23,Action Pending,1000000,Unsanctioned
MPLADS-012873,Shri Tapir Gao ,Lok Sabha,Arunachal Pradesh,ARUNACHAL EAST,,,Bilat Circle,Ledum,Normal/Others,NA - Creation of new ponds,Deputy Commisioner East Siang_IDA,2023-12-23,Action Pending,500000,Unsanctioned
MPLADS-012874,Shri Tapir Gao ,Lok Sabha,Arunachal Pradesh,ARUNACHAL EAST,,,Roing Hq,Gamgu,Normal/Others,"NA - Construction of roads, link roads, pathways or any other road with or without drainage system",Deputy Commisioner Lower Dibang Valley_IDA,2023-12-23,Action Pending,600000,Unsanctioned
MPLADS-012875,Shri Tapir Gao ,Lok Sabha,Arunachal Pradesh,ARUNACHAL EAST,,,Roing Hq,Ithili,Normal/Others,NA - Construction of public irrigation facilities,Deputy Commisioner Lower Dibang Valley_IDA,2023-12-23,Action Pending,200000,Unsanctioned
MPLADS-013241,Kiren Rijiju,Lok Sabha,Arunachal Pradesh,ARUNACHAL WEST,Naharlagun,Rakap Colony,,,Normal/Others,NA - Construction of boundary walls of existing public and community buildings,DEPUTY COMMISSIONER PAPUM PARE_IDA,2023-12-22,Action Pending,700000,Unsanctioned
MPLADS-013243,Kiren Rijiju,Lok Sabha,Arunachal Pradesh,ARUNACHAL WEST,,,Yazali Circle,Kuch-Kut,Normal/Others,NA - Community Toilets,Deputy Commissioner Lower Subansir_IDA,2023-12-22,Action Pending,500000,Unsanctioned
MPLADS-013244,Kiren Rijiju,Lok Sabha,Arunachal Pradesh,ARUNACHAL WEST,,,SAGALEE,Sengri (Sangring),Normal/Others,NA - Construction of public toilets and bathrooms,DEPUTY COMMISSIONER PAPUM PARE_IDA,2023-12-22,Action Pending,300000,Unsanctioned
MPLADS-013245,Kiren Rijiju,Lok Sabha,Arunachal Pradesh,ARUNACHAL WEST,,,MENGIO,Sarchgai,Normal/Others,NA - Construction of public toilets and bathrooms,DEPUTY COMMISSIONER PAPUM PARE_IDA,2023-12-22,Action Pending,200000,Unsanctioned
MPLADS-013246,Kiren Rijiju,Lok Sabha,Arunachal Pradesh,ARUNACHAL WEST,ITANAGAR,Chimi Village,,,Normal/Others,NA - Construction of boundary walls of existing public and community buildings,DEPUTY COMMISSIONER PAPUM PARE_IDA,2023-12-22,Action Pending,300000,Unsanctioned
MPLADS-013247,Kiren Rijiju,Lok Sabha,Arunachal Pradesh,ARUNACHAL WEST,Naharlagun,Chimpu,,,Normal/Others,NA - Construction of rooms and halls in school and colleges,DEPUTY COMMISSIONER PAPUM PARE_IDA,2023-12-22,Action Pending,500000,Unsanctioned
MPLADS-013248,Kiren Rijiju,Lok Sabha,Arunachal Pradesh,ARUNACHAL WEST,ITANAGAR,Sidharth Hall,,,Normal/Others,NA - Providing drains and gutters for public drainage,DEPUTY COMMISSIONER PAPUM PARE_IDA,2023-12-22,Action Pending,500000,Unsanctioned
MPLADS-013249,Kiren Rijiju,Lok Sabha,Arunachal Pradesh,ARUNACHAL WEST,Naharlagun,Papu Nallah,,,Normal/Others,NA - Construction of boundary walls of existing public and community buildings,DEPUTY COMMISSIONER PAPUM PARE_IDA,2023-12-22,Action Pending,500000,Unsanctioned
MPLADS-013250,Kiren Rijiju,Lok Sabha,Arunachal Pradesh,ARUNACHAL WEST,ITANAGAR,Chimpu,,,Normal/Others,NA - Construction of boundary walls of existing public and community buildings,DEPUTY COMMISSIONER PAPUM PARE_IDA,2023-12-22,Action Pending,500000,Unsanctioned
MPLADS-013251,Kiren Rijiju,Lok Sabha,Arunachal Pradesh,ARUNACHAL WEST,,,Pistana Circle,New Neelam,Normal/Others,"NA - Construction of roads, approach roads, link roads and pathways",Deputy Commissioner Lower Subansir_IDA,2023-12-22,Action Pending,500000,Unsanctioned
MPLADS-013252,Kiren Rijiju,Lok Sabha,Arunachal Pradesh,ARUNACHAL WEST,Itanagar,Birup,,,Normal/Others,NA - Construction of boundary walls of existing public and community buildings,DEPUTY COMMISSIONER PAPUM PARE_IDA,2023-12-22,Action Pending,500000,Unsanctioned
MPLADS-013253,Kiren Rijiju,Lok Sabha,Arunachal Pradesh,ARUNACHAL WEST,,,Yazali Circle,Yazali,Normal/Others,NA - Providing drains and gutters for public drainage,Deputy Commissioner Lower Subansir_IDA,2023-12-22,Action Pending,350000,Unsanctioned
MPLADS-013254,Kiren Rijiju,Lok Sabha,Arunachal Pradesh,ARUNACHAL WEST,,,Yazali Circle,Yazali,Normal/Others,NA - Construction of public irrigation facilities,Deputy Commissioner Lower Subansir_IDA,2023-12-22,Action Pending,500000,Unsanctioned
MPLADS-013255,Kiren Rijiju,Lok Sabha,Arunachal Pradesh,ARUNACHAL WEST,,,Yachuli Adc,Passa,Normal/Others,"NA - Construction of roads, approach roads, link roads and pathways",Deputy Commissioner Lower Subansir_IDA,2023-12-22,Action Pending,600000,Unsanctioned
MPLADS-013256,Kiren Rijiju,Lok Sabha,Arunachal Pradesh,ARUNACHAL WEST,,,Yazali Circle,Yazali,Normal/Others,"NA - Construction of roads, approach roads, link roads and pathways",Deputy Commissioner Lower Subansir_IDA,2023-12-22,Action Pending,500000,Unsanctioned
MPLADS-013258,Kiren Rijiju,Lok Sabha,Arunachal Pradesh,ARUNACHAL WEST,,,Yazali Circle,Rewa Deli,Normal/Others,"NA - Construction of roads, approach roads, link roads and pathways",Deputy Commissioner Lower Subansir_IDA,2023-12-22,Action Pending,300000,Unsanctioned
MPLADS-013259,Kiren Rijiju,Lok Sabha,Arunachal Pradesh,ARUNACHAL WEST,,,Yachuli Adc,Yachuli H.Q.,Normal/Others,NA - Construction of boundary walls of existing public and community buildings,Deputy Commissioner Lower Subansir_IDA,2023-12-22,Action Pending,500000,Unsanctioned
MPLADS-013260,Kiren Rijiju,Lok Sabha,Arunachal Pradesh,ARUNACHAL WEST,,,Palin Circle,Rayong (Rayung),Normal/Others,"NA - Construction of roads, approach roads, link roads and pathways",DC KRADAADI_IDA,2023-12-22,Action Pending,500000,Unsanctioned
MPLADS-013261,Kiren Rijiju,Lok Sabha,Arunachal Pradesh,ARUNACHAL WEST,,,Palin Circle,Pagu,Normal/Others,NA - Construction of boundary walls of existing public and community buildings,DC KRADAADI_IDA,2023-12-22,Action Pending,300000,Unsanctioned
MPLADS-013262,Kiren Rijiju,Lok Sabha,Arunachal Pradesh,ARUNACHAL WEST,,,Palin Circle,Lumba(Old Palin),Normal/Others,NA - Providing drains and gutters for public drainage,DC KRADAADI_IDA,2023-12-22,Action Pending,300000,Unsanctioned
MPLADS-013263,Kiren Rijiju,Lok Sabha,Arunachal Pradesh,ARUNACHAL WEST,,,Yangte Circle,Dokio Pep,Normal/Others,NA - Development of playground,DC KRADAADI_IDA,2023-12-22,Action Pending,300000,Unsanctioned
MPLADS-013264,Kiren Rijiju,Lok Sabha,Arunachal Pradesh,ARUNACHAL WEST,,,Pipsorang Circle,Pipsorang,Normal/Others,NA - Construction of boundary walls of existing public and community buildings,DC KRADAADI_IDA,2023-12-22,Action Pending,800000,Unsanctioned
MPLADS-013265,Kiren Rijiju,Lok Sabha,Arunachal Pradesh,ARUNACHAL WEST,,,Pipsorang Circle,Raha,Normal/Others,NA - Construction of footpaths and pedestrian ways,DC KRADAADI_IDA,2023-12-22,Action Pending,300000,Unsanctioned
MPLADS-013270,Kiren Rijiju,Lok Sabha,Arunachal Pradesh,ARUNACHAL WEST,,,SAGALEE,Yallang,Normal/Others,NA - Construction of public toilets and bathrooms,DEPUTY COMMISSIONER PAPUM PARE_IDA,2023-12-22,Action Pending,300000,Unsanctioned
MPLADS-013271,Kiren Rijiju,Lok Sabha,Arunachal Pradesh,ARUNACHAL WEST,,,SAGALEE,Kulubu,Normal/Others,NA - Construction of boundary walls of existing public and community buildings,DEPUTY COMMISSIONER PAPUM PARE_IDA,2023-12-22,Action Pending,400000,Unsanctioned
MPLADS-013272,Kiren Rijiju,Lok Sabha,Arunachal Pradesh,ARUNACHAL WEST,,,SAGALEE,Apop -I,Normal/Others,NA - Construction of footpaths and pedestrian ways,DEPUTY COMMISSIONER PAPUM PARE_IDA,2023-12-22,Action Pending,300000,Unsanctioned
MPLADS-013273,Kiren Rijiju,Lok Sabha,Arunachal Pradesh,ARUNACHAL WEST,,,MENGIO,Silango,Normal/Others,NA - Construction of footpaths and pedestrian ways,DEPUTY COMMISSIONER PAPUM PARE_IDA,2023-12-22,Action Pending,300000,Unsanctioned
MPLADS-013283,Kiren Rijiju,Lok Sabha,Arunachal Pradesh,ARUNACHAL WEST,Itanagar,Panchali,,,Normal/Others,"NA - Construction of roads, approach roads, link roads and pathways",DEPUTY COMMISSIONER PAPUM PARE_IDA,2023-12-22,Action Pending,1000000,Unsanctioned
MPLADS-013284,Kiren Rijiju,Lok Sabha,Arunachal Pradesh,ARUNACHAL WEST,Itanagar,HAKAP VILLAGE,,,Normal/Others,NA - Providing drains and gutters for public drainage,DEPUTY COMMISSIONER PAPUM PARE_IDA,2023-12-22,Action Pending,300000,Unsanctioned
MPLADS-013285,Kiren Rijiju,Lok Sabha,Arunachal Pradesh,ARUNACHAL WEST,Itanagar,LOBI KOLA Camp,,,Normal/Others,WS/MP533/2023-2024/67838 - Construction of flood control embankments,DEPUTY COMMISSIONER PAPUM PARE_IDA,2023-12-22,Approved by IDA,800000,Unsanctioned
MPLADS-013286,Kiren Rijiju,Lok Sabha,Arunachal Pradesh,ARUNACHAL WEST,Naharlagun,G Sector,,,Normal/Others,NA - Construction of boundary walls of existing public and community buildings,DEPUTY COMMISSIONER PAPUM PARE_IDA,2023-12-22,Action Pending,500000,Unsanctioned
MPLADS-013287,Kiren Rijiju,Lok Sabha,Arunachal Pradesh,ARUNACHAL WEST,DOIMUKH,Upper Ropung Village,,,Normal/Others,NA - Community Toilets,DEPUTY COMMISSIONER PAPUM PARE_IDA,2023-12-22,Action Pending,1000000,Unsanctioned
MPLADS-013288,Kiren Rijiju,Lok Sabha,Arunachal Pradesh,ARUNACHAL WEST,DOIMUKH,Yupia 2,,,Normal/Others,NA - Providing drains and gutters for public drainage,DEPUTY COMMISSIONER PAPUM PARE_IDA,2023-12-22,Action Pending,400000,Unsanctioned
MPLADS-013289,Kiren Rijiju,Lok Sabha,Arunachal Pradesh,ARUNACHAL WEST,DOIMUKH,Lekha Village,,,Normal/Others,NA - Construction of water tanks,DEPUTY COMMISSIONER PAPUM PARE_IDA,2023-12-22,Action Pending,1000000,Unsanctioned
MPLADS-013290,Kiren Rijiju,Lok Sabha,Arunachal Pradesh,ARUNACHAL WEST,KIMIN,Kimin,,,Normal/Others,NA - Construction of rooms and halls in school and colleges,DEPUTY COMMISSIONER PAPUM PARE_IDA,2023-12-22,Action Pending,1500000,Unsanctioned
MPLADS-013291,Kiren Rijiju,Lok Sabha,Arunachal Pradesh,ARUNACHAL WEST,DOIMUKH,Bassarnallo,,,Normal/Others,NA - Construction of common work sheds/ common covered sitting area,DEPUTY COMMISSIONER PAPUM PARE_IDA,2023-12-22,Action Pending,500000,Unsanctioned
MPLADS-013292,Kiren Rijiju,Lok Sabha,Arunachal Pradesh,ARUNACHAL WEST,,,Doimukh Sdo,Yupia,Normal/Others,NA - Construction of public libraries and reading rooms,DEPUTY COMMISSIONER PAPUM PARE_IDA,2023-12-22,Action Pending,700000,Unsanctioned
MPLADS-013293,Kiren Rijiju,Lok Sabha,Arunachal Pradesh,ARUNACHAL WEST,DOIMUKH,Banderdewa,,,Normal/Others,NA - Providing drains and gutters for public drainage,DEPUTY COMMISSIONER PAPUM PARE_IDA,2023-12-22,Action Pending,400000,Unsanctioned
MPLADS-013294,Kiren Rijiju,Lok Sabha,Arunachal Pradesh,ARUNACHAL WEST,,,SAGALEE,Pech,Normal/Others,NA - Construction of boundary walls of existing public and community buildings,DEPUTY COMMISSIONER PAPUM PARE_IDA,2023-12-22,Action Pending,200000,Unsanctioned
MPLADS-013295,Kiren Rijiju,Lok Sabha,Arunachal Pradesh,ARUNACHAL WEST,,,MENGIO,Sakiang,Normal/Others,"NA - Construction of roads, approach roads, link roads and pathways",DEPUTY COMMISSIONER PAPUM PARE_IDA,2023-12-22,Action Pending,200000,Unsanctioned
MPLADS-013296,Kiren Rijiju,Lok Sabha,Arunachal Pradesh,ARUNACHAL WEST,,,MENGIO,Sakiang,Normal/Others,NA - Providing drains and gutters for public drainage,DEPUTY COMMISSIONER PAPUM PARE_IDA,2023-12-22,Action Pending,200000,Unsanctioned
MPLADS-013297,Kiren Rijiju,Lok Sabha,Arunachal Pradesh,ARUNACHAL WEST,,,MENGIO,Rugo,Normal/Others,"NA - Construction of roads, approach roads, link roads and pathways",DEPUTY COMMISSIONER PAPUM PARE_IDA,2023-12-22,Action Pending,200000,Unsanctioned
MPLADS-013298,Kiren Rijiju,Lok Sabha,Arunachal Pradesh,ARUNACHAL WEST,,,SAGALEE,Yallang,Normal/Others,NA - Construction of rooms and halls in school and colleges,DEPUTY COMMISSIONER PAPUM PARE_IDA,2023-12-22,Action Pending,200000,Unsanctioned
MPLADS-013510,Kiren Rijiju,Lok Sabha,Arunachal Pradesh,ARUNACHAL WEST,ITANAGAR,Chimpu,,,Normal/Others,NA - Providing drains and gutters for public drainage,DEPUTY COMMISSIONER PAPUM PARE_IDA,2023-12-22,Action Pending,300000,Unsanctioned
MPLADS-013514,Kiren Rijiju,Lok Sabha,Arunachal Pradesh,ARUNACHAL WEST,Itanagar,gohpur Tinali,,,Normal/Others,NA - Construction of boundary walls of existing public and community buildings,DEPUTY COMMISSIONER PAPUM PARE_IDA,2023-12-22,Action Pending,800000,Unsanctioned
MPLADS-013515,Kiren Rijiju,Lok Sabha,Arunachal Pradesh,ARUNACHAL WEST,Naharlagun,Youth Hostel,,,Normal/Others,NA - Providing drains and gutters for public drainage,DEPUTY COMMISSIONER PAPUM PARE_IDA,2023-12-22,Action Pending,500000,Unsanctioned
MPLADS-013516,Kiren Rijiju,Lok Sabha,Arunachal Pradesh,ARUNACHAL WEST,Naharlagun,D Sector,,,Normal/Others,NA - Construction of boundary walls of existing public and community buildings,DEPUTY COMMISSIONER PAPUM PARE_IDA,2023-12-22,Action Pending,2000000,Unsanctioned
MPLADS-013517,Kiren Rijiju,Lok Sabha,Arunachal Pradesh,ARUNACHAL WEST,Itanagar,Baat Basti,,,Normal/Others,"NA - Construction of roads, approach roads, link roads and pathways",DEPUTY COMMISSIONER PAPUM PARE_IDA,2023-12-22,Action Pending,500000,Unsanctioned
MPLADS-013518,Kiren Rijiju,Lok Sabha,Arunachal Pradesh,ARUNACHAL WEST,Naharlagun,Sanglo Putung 2,,,Normal/Others,NA - Providing drains and gutters for public drainage,DEPUTY COMMISSIONER PAPUM PARE_IDA,2023-12-22,Action Pending,500000,Unsanctioned
MPLADS-013519,Kiren Rijiju,Lok Sabha,Arunachal Pradesh,ARUNACHAL WEST,Naharlagun,Barapani,,,Normal/Others,NA - Construction of boundary walls of existing public and community buildings,DEPUTY COMMISSIONER PAPUM PARE_IDA,2023-12-22,Action Pending,800000,Unsanctioned
MPLADS-013520,Kiren Rijiju,Lok Sabha,Arunachal Pradesh,ARUNACHAL WEST,Naharlagun,Barapani,,,Normal/Others,NA - Construction of culverts and bridges,DEPUTY COMMISSIONER PAPUM PARE_IDA,2023-12-22,Action Pending,400000,Unsanctioned
MPLADS-013521,Kiren Rijiju,Lok Sabha,Arunachal Pradesh,ARUNACHAL WEST,Itanagar,Chimpu,,,Normal/Others,NA - Providing drains and gutters for public drainage,DEPUTY COMMISSIONER PAPUM PARE_IDA,2023-12-22,Action Pending,500000,Unsanctioned
MPLADS-013522,Kiren Rijiju,Lok Sabha,Arunachal Pradesh,ARUNACHAL WEST,Naharlagun,Nirjuli,,,Normal/Others,WS/MP533/2023-2024/67827 - Construction of flood control embankments,DEPUTY COMMISSIONER PAPUM PARE_IDA,2023-12-22,Approved by IDA,500000,Sanctioned
MPLADS-013559,Kiren Rijiju,Lok Sabha,Arunachal Pradesh,ARUNACHAL WEST,Itanagar,gohpur Tinali,,,Normal/Others,NA - Construction of boundary walls of existing public and community buildings,DEPUTY COMMISSIONER PAPUM PARE_IDA,2023-12-22,Action Pending,300000,Unsanctioned
MPLADS-013577,Kiren Rijiju,Lok Sabha,Arunachal Pradesh,ARUNACHAL WEST,Itanagar,H sector,,,Normal/Others,NA - Providing drains and gutters for public drainage,DEPUTY COMMISSIONER PAPUM PARE_IDA,2023-12-22,Action Pending,300000,Unsanctioned
MPLADS-013596,Kiren Rijiju,Lok Sabha,Arunachal Pradesh,ARUNACHAL WEST,Naharlagun,17,,,Normal/Others,NA - Providing drains and gutters for public drainage,DEPUTY COMMISSIONER PAPUM PARE_IDA,2023-12-22,Action Pending,300000,Unsanctioned
MPLADS-013597,Kiren Rijiju,Lok Sabha,Arunachal Pradesh,ARUNACHAL WEST,Naharlagun,polo colony,,,Normal/Others,NA - Providing drains and gutters for public drainage,DEPUTY COMMISSIONER PAPUM PARE_IDA,2023-12-22,Action Pending,300000,Unsanctioned
MPLADS-013598,Kiren Rijiju,Lok Sabha,Arunachal Pradesh,ARUNACHAL WEST,Itanagar,jullang,,,Normal/Others,NA - Installing tube-wells and borewells,DEPUTY COMMISSIONER PAPUM PARE_IDA,2023-12-22,Action Pending,500000,Unsanctioned
MPLADS-013599,Kiren Rijiju,Lok Sabha,Arunachal Pradesh,ARUNACHAL WEST,Itanagar,,,,Normal/Others,NA - Construction of footpaths and pedestrian ways,DEPUTY COMMISSIONER PAPUM PARE_IDA,2023-12-22,Action Pending,300000,Unsanctioned
MPLADS-013600,Kiren Rijiju,Lok Sabha,Arunachal Pradesh,ARUNACHAL WEST,,,MECHUKA-TATO,Lipo,Normal/Others,NA - Construction of common work sheds/ common covered sitting area,Deputy Commisioner Shi Yomi_IDA,2023-12-22,Action Pending,400000,Unsanctioned
MPLADS-014019,Kiren Rijiju,Lok Sabha,Arunachal Pradesh,ARUNACHAL WEST,Tawang,,,,Normal/Others,NA - Construction of boundary walls of existing public and community buildings,Deputy Commisioner Tawang_IDA,2023-12-21,Action Pending,500000,Unsanctioned
MPLADS-014020,Kiren Rijiju,Lok Sabha,Arunachal Pradesh,ARUNACHAL WEST,,,DIRANG,Yewang,Normal/Others,NA - Construction of footpaths and pedestrian ways,Deputy Commisioner West Kameng_IDA,2023-12-21,Action Pending,500000,Unsanctioned
MPLADS-014022,Kiren Rijiju,Lok Sabha,Arunachal Pradesh,ARUNACHAL WEST,,,Singchung,Buragaon,Normal/Others,NA - Construction of common work sheds/ common covered sitting area,Deputy Commisioner West Kameng_IDA,2023-12-21,Action Pending,500000,Unsanctioned
MPLADS-014023,Kiren Rijiju,Lok Sabha,Arunachal Pradesh,ARUNACHAL WEST,,,Singchung,Tippi,Normal/Others,NA - Construction of boundary walls of existing public and community buildings,Deputy Commisioner West Kameng_IDA,2023-12-21,Action Pending,1500000,Unsanctioned
MPLADS-014024,Kiren Rijiju,Lok Sabha,Arunachal Pradesh,ARUNACHAL WEST,,,THRIZINO,Lower Bhalukpong,Normal/Others,NA - Construction of footpaths and pedestrian ways,Deputy Commisioner West Kameng_IDA,2023-12-21,Action Pending,2500000,Unsanctioned
MPLADS-014025,Kiren Rijiju,Lok Sabha,Arunachal Pradesh,ARUNACHAL WEST,,,Singchung,Tenga Village,Normal/Others,NA - Construction of footpaths and pedestrian ways,Deputy Commisioner West Kameng_IDA,2023-12-21,Action Pending,500000,Unsanctioned
MPLADS-014026,Kiren Rijiju,Lok Sabha,Arunachal Pradesh,ARUNACHAL WEST,Bomdila,,,,Normal/Others,NA - Providing drains and gutters for public drainage,Deputy Commisioner West Kameng_IDA,2023-12-21,Action Pending,500000,Unsanctioned
MPLADS-014027,Kiren Rijiju,Lok Sabha,Arunachal Pradesh,ARUNACHAL WEST,,,Nafra,Nafra East,Normal/Others,NA - Providing drains and gutters for public drainage,Deputy Commisioner West Kameng_IDA,2023-12-21,Action Pending,500000,Unsanctioned
MPLADS-014028,Kiren Rijiju,Lok Sabha,Arunachal Pradesh,ARUNACHAL WEST,,,Nafra,Wothung,Normal/Others,NA - Construction of boundary walls of existing public and community buildings,Deputy Commisioner West Kameng_IDA,2023-12-21,Action Pending,500000,Unsanctioned
MPLADS-014029,Kiren Rijiju,Lok Sabha,Arunachal Pradesh,ARUNACHAL WEST,,,Nafra,Nafra East,Normal/Others,NA - Construction of community centers and community halls,Deputy Commisioner West Kameng_IDA,2023-12-21,Action Pending,2500000,Unsanctioned
MPLADS-014030,Kiren Rijiju,Lok Sabha,Arunachal Pradesh,ARUNACHAL WEST,,,Nafra,Nafra East,Normal/Others,NA - Construction of boundary walls of existing public and community buildings,Deputy Commisioner West Kameng_IDA,2023-12-21,Action Pending,500000,Unsanctioned
MPLADS-014031,Kiren Rijiju,Lok Sabha,Arunachal Pradesh,ARUNACHAL WEST,,,Nafra,Longtin,Normal/Others,NA - Construction of common work sheds/ common covered sitting area,Deputy Commisioner West Kameng_IDA,2023-12-21,Action Pending,500000,Unsanctioned
MPLADS-014032,Kiren Rijiju,Lok Sabha,Arunachal Pradesh,ARUNACHAL WEST,Bomdila,,,,Normal/Others,NA - Community Toilets,Deputy Commisioner West Kameng_IDA,2023-12-21,Action Pending,300000,Unsanctioned
MPLADS-014033,Kiren Rijiju,Lok Sabha,Arunachal Pradesh,ARUNACHAL WEST,,,MECHUKA-TATO,Tato H.Q. (including Labour Camp),Normal/Others,NA - Community Toilets,Deputy Commisioner Shi Yomi_IDA,2023-12-21,Action Pending,500000,Unsanctioned
MPLADS-014034,Kiren Rijiju,Lok Sabha,Arunachal Pradesh,ARUNACHAL WEST,,,MECHUKA-TATO,Lhalung,Normal/Others,NA - Construction of footpaths and pedestrian ways,Deputy Commisioner Shi Yomi_IDA,2023-12-21,Action Pending,400000,Unsanctioned
MPLADS-014035,Kiren Rijiju,Lok Sabha,Arunachal Pradesh,ARUNACHAL WEST,,,MECHUKA-TATO,Yorni,Normal/Others,NA - Community Toilets,Deputy Commisioner Shi Yomi_IDA,2023-12-21,Action Pending,400000,Unsanctioned
MPLADS-014058,Shri Tapir Gao ,Lok Sabha,Arunachal Pradesh,ARUNACHAL EAST,,,YINGKIONG,11 K.M. L/Camp,Normal/Others,NA - Construction of buildings for community cultural activities,DC Upper Siang_IDA,2023-12-21,Action Pending,1000000,Unsanctioned
MPLADS-014059,Shri Tapir Gao ,Lok Sabha,Arunachal Pradesh,ARUNACHAL EAST,,,ROING,Holokbari,Normal/Others,"NA - Construction of roads, approach roads, link roads and pathways",Deputy Commisioner Lower Dibang Valley_IDA,2023-12-21,Action Pending,800000,Unsanctioned
MPLADS-014060,Shri Tapir Gao ,Lok Sabha,Arunachal Pradesh,ARUNACHAL EAST,,,HAYULIANG,Hayuliang,Normal/Others,NA - Construction of boundary walls of existing public and community buildings,Deputy Commisioner Anjaw_IDA,2023-12-21,Action Pending,1000000,Unsanctioned
MPLADS-014061,Shri Tapir Gao ,Lok Sabha,Arunachal Pradesh,ARUNACHAL EAST,,,Ruksin,Ngorlung,Normal/Others,"NA - Construction of roads, approach roads, link roads and pathways",Deputy Commisioner East Siang_IDA,2023-12-21,Action Pending,1000000,Unsanctioned
MPLADS-014062,Shri Tapir Gao ,Lok Sabha,Arunachal Pradesh,ARUNACHAL EAST,,,Boleng,Yibuk,Normal/Others,NA - Construction of community centers and community halls,Deputy Commisioner Siang_IDA,2023-12-21,Action Pending,400000,Unsanctioned
MPLADS-014063,Shri Tapir Gao ,Lok Sabha,Arunachal Pradesh,ARUNACHAL EAST,,,NIAUSA,Mintong,Normal/Others,NA - Construction of boundary walls of existing public and community buildings,Deputy Commisioner Longding_IDA,2023-12-21,Action Pending,500000,Unsanctioned
MPLADS-014064,Shri Tapir Gao ,Lok Sabha,Arunachal Pradesh,ARUNACHAL EAST,,,YINGKIONG,Simong,Normal/Others,NA - Construction of public irrigation facilities,DC Upper Siang_IDA,2023-12-21,Action Pending,500000,Unsanctioned
MPLADS-014065,Shri Tapir Gao ,Lok Sabha,Arunachal Pradesh,ARUNACHAL EAST,,,ROING,Agamgite - II,Normal/Others,NA - Providing drains and gutters for public drainage,Deputy Commisioner Lower Dibang Valley_IDA,2023-12-21,Action Pending,2000000,Unsanctioned
MPLADS-014066,Kiren Rijiju,Lok Sabha,Arunachal Pradesh,ARUNACHAL WEST,,,LUMLA,Dugumba,Normal/Others,NA - Construction of community centers and community halls,Deputy Commisioner Tawang_IDA,2023-12-21,Action Pending,1000000,Unsanctioned
MPLADS-014067,Kiren Rijiju,Lok Sabha,Arunachal Pradesh,ARUNACHAL WEST,Tawang,,,,Normal/Others,NA - Construction of footpaths and pedestrian ways,Deputy Commisioner Tawang_IDA,2023-12-21,Action Pending,1000000,Unsanctioned
MPLADS-014068,Kiren Rijiju,Lok Sabha,Arunachal Pradesh,ARUNACHAL WEST,,,LUMLA,Hoongla,Normal/Others,NA - Construction of buildings for community cultural activities,Deputy Commisioner Tawang_IDA,2023-12-21,Action Pending,1000000,Unsanctioned
MPLADS-014216,Kiren Rijiju,Lok Sabha,Arunachal Pradesh,ARUNACHAL WEST,,,DIRANG,Mandalaphudung,Normal/Others,NA - Construction of boundary walls of existing public and community buildings,Deputy Commisioner West Kameng_IDA,2023-12-21,Action Pending,900000,Unsanctioned
MPLADS-014287,Shri Tapir Gao ,Lok Sabha,Arunachal Pradesh,ARUNACHAL EAST,,,Ruksin,Kora,Normal/Others,NA - Construction of community centers and community halls,Deputy Commisioner East Siang_IDA,2023-12-20,Action Pending,800000,Unsanctioned
MPLADS-014288,Shri Tapir Gao ,Lok Sabha,Arunachal Pradesh,ARUNACHAL EAST,PASIGHAT,6,,,Normal/Others,NA - Development of playfields and sports grounds,Deputy Commisioner East Siang_IDA,2023-12-20,Action Pending,500000,Unsanctioned
MPLADS-014295,Shri Tapir Gao ,Lok Sabha,Arunachal Pradesh,ARUNACHAL EAST,,,Boleng Adc,Pareng,Normal/Others,"NA - Construction of roads, approach roads, link roads and pathways",Deputy Commisioner Siang_IDA,2023-12-20,Action Pending,500000,Unsanctioned
MPLADS-014296,Shri Tapir Gao ,Lok Sabha,Arunachal Pradesh,ARUNACHAL EAST,,,NIAUSA,Longsom,Normal/Others,NA - Construction of buildings for community cultural activities,Deputy Commisioner Longding_IDA,2023-12-20,Action Pending,1000000,Unsanctioned
MPLADS-014297,Shri Tapir Gao ,Lok Sabha,Arunachal Pradesh,ARUNACHAL EAST,,,Khagam-Miao,Kharsang Tinali,Normal/Others,"NA - Construction of roads, approach roads, link roads and pathways",Deputy Commisioner Changlang_IDA,2023-12-20,Action Pending,500000,Unsanctioned
MPLADS-014298,Shri Tapir Gao ,Lok Sabha,Arunachal Pradesh,ARUNACHAL EAST,,,MEBO,Mebo Gidum,Normal/Others,NA - Providing drains and gutters for public drainage,Deputy Commisioner East Siang_IDA,2023-12-20,Action Pending,500000,Unsanctioned
MPLADS-014299,Shri Tapir Gao ,Lok Sabha,Arunachal Pradesh,ARUNACHAL EAST,,,Roing Hq,Asali,Normal/Others,NA - Setting up of kitchen and pantries,Deputy Commisioner Lower Dibang Valley_IDA,2023-12-20,Action Pending,500000,Unsanctioned
MPLADS-014300,Shri Tapir Gao ,Lok Sabha,Arunachal Pradesh,ARUNACHAL EAST,,,ROING,Ezengo,Normal/Others,"NA - Construction of roads, approach roads, link roads and pathways",Deputy Commisioner Lower Dibang Valley_IDA,2023-12-20,Action Pending,500000,Unsanctioned
MPLADS-014301,Shri Tapir Gao ,Lok Sabha,Arunachal Pradesh,ARUNACHAL EAST,,,NIAUSA,Niaunu,Normal/Others,NA - Construction of buildings for community cultural activities,Deputy Commisioner Longding_IDA,2023-12-20,Action Pending,1000000,Unsanctioned
MPLADS-014302,Shri Tapir Gao ,Lok Sabha,Arunachal Pradesh,ARUNACHAL EAST,,,Boleng,Messing,Normal/Others,NA - Construction of boundary walls of existing public and community buildings,Deputy Commisioner Siang_IDA,2023-12-20,Action Pending,800000,Unsanctioned
MPLADS-014303,Shri Tapir Gao ,Lok Sabha,Arunachal Pradesh,ARUNACHAL EAST,,,Riga,Riga Mobuk,Normal/Others,NA - Construction of boundary walls of existing public and community buildings,Deputy Commisioner Siang_IDA,2023-12-20,Action Pending,500000,Unsanctioned
MPLADS-014304,Shri Tapir Gao ,Lok Sabha,Arunachal Pradesh,ARUNACHAL EAST,,,TEZU,Tezu Gam,Normal/Others,"NA - Construction of roads, approach roads, link roads and pathways",DEPUTY COMMISSIONER LOHIT_IDA,2023-12-20,Action Pending,500000,Unsanctioned
MPLADS-014305,Shri Tapir Gao ,Lok Sabha,Arunachal Pradesh,ARUNACHAL EAST,,,TEZU,Tezu Gam,Normal/Others,NA - Construction of boundary walls of existing public and community buildings,DEPUTY COMMISSIONER LOHIT_IDA,2023-12-20,Action Pending,500000,Unsanctioned
MPLADS-014388,Shri Tapir Gao ,Lok Sabha,Arunachal Pradesh,ARUNACHAL EAST,,,ROING,Gamgu,Normal/Others,NA - Setting up of kitchen and pantries,Deputy Commisioner Lower Dibang Valley_IDA,2023-12-20,Action Pending,1000000,Unsanctioned
MPLADS-014421,Shri Tapir Gao ,Lok Sabha,Arunachal Pradesh,ARUNACHAL EAST,,,ROING,Gamgu,Normal/Others,"NA - Construction of roads, approach roads, link roads and pathways",Deputy Commisioner Lower Dibang Valley_IDA,2023-12-20,Action Pending,600000,Unsanctioned
MPLADS-014422,Shri Tapir Gao ,Lok Sabha,Arunachal Pradesh,ARUNACHAL EAST,,,HAWAI-WALONG,Mechong,Normal/Others,NA - Development of public parks,Deputy Commisioner Anjaw_IDA,2023-12-20,Action Pending,800000,Unsanctioned
MPLADS-014423,Shri Tapir Gao ,Lok Sabha,Arunachal Pradesh,ARUNACHAL EAST,,,ROING,Jia III,Normal/Others,"NA - Construction of roads, approach roads, link roads and pathways",Deputy Commisioner Lower Dibang Valley_IDA,2023-12-20,Action Pending,800000,Unsanctioned
MPLADS-014469,Shri Tapir Gao ,Lok Sabha,Arunachal Pradesh,ARUNACHAL EAST,,,Rebo Parging,Begging,Normal/Others,NA - Construction of public irrigation facilities,Deputy Commisioner Siang_IDA,2023-12-20,Action Pending,1000000,Unsanctioned
MPLADS-014516,Shri Tapir Gao ,Lok Sabha,Arunachal Pradesh,ARUNACHAL EAST,,,MARIYANG,Damro-III,Normal/Others,NA - Construction of boundary walls of existing public and community buildings,DC Upper Siang_IDA,2023-12-20,Action Pending,400000,Unsanctioned
MPLADS-014537,Shri Tapir Gao ,Lok Sabha,Arunachal Pradesh,ARUNACHAL EAST,,,NAMSAI,Lathao,Normal/Others,"NA - Construction of roads, approach roads, link roads and pathways",Deputy Commisioner Namsai_IDA,2023-12-20,Action Pending,1000000,Unsanctioned
MPLADS-014539,Shri Tapir Gao ,Lok Sabha,Arunachal Pradesh,ARUNACHAL EAST,,,NAMSAI,Jona Kachari Kuli,Normal/Others,"NA - Construction of roads, approach roads, link roads and pathways",Deputy Commisioner Namsai_IDA,2023-12-20,Action Pending,1000000,Unsanctioned
MPLADS-014540,Shri Tapir Gao ,Lok Sabha,Arunachal Pradesh,ARUNACHAL EAST,,,PANGIN,Koreng,Normal/Others,"NA - Construction of roads, approach roads, link roads and pathways",Deputy Commisioner Siang_IDA,2023-12-20,Action Pending,500000,Unsanctioned
MPLADS-014541,Shri Tapir Gao ,Lok Sabha,Arunachal Pradesh,ARUNACHAL EAST,,,PANGIN,Pangin,Normal/Others,NA - Construction of boundary walls of existing public and community buildings,Deputy Commisioner Siang_IDA,2023-12-20,Action Pending,800000,Unsanctioned
MPLADS-014542,Shri Tapir Gao ,Lok Sabha,Arunachal Pradesh,ARUNACHAL EAST,,,Rebo Parging,Pangi,Normal/Others,NA - Improvement of electricity distribution infrastructure,Deputy Commisioner Siang_IDA,2023-12-20,Action Pending,1000000,Unsanctioned
MPLADS-014543,Shri Tapir Gao ,Lok Sabha,Arunachal Pradesh,ARUNACHAL EAST,,,Riga,Pangkang Jorkong,Normal/Others,NA - Construction of public irrigation facilities,Deputy Commisioner Siang_IDA,2023-12-20,Action Pending,800000,Unsanctioned
MPLADS-014544,Shri Tapir Gao ,Lok Sabha,Arunachal Pradesh,ARUNACHAL EAST,,,Boleng,Pareng,Normal/Others,NA - Establishing public lift irrigation projects,Deputy Commisioner Siang_IDA,2023-12-20,Action Pending,500000,Unsanctioned
MPLADS-014545,Shri Tapir Gao ,Lok Sabha,Arunachal Pradesh,ARUNACHAL EAST,,,Rebo Parging,Riew Reydang,Normal/Others,"NA - Construction of roads, approach roads, link roads and pathways",Deputy Commisioner Siang_IDA,2023-12-20,Action Pending,800000,Unsanctioned
MPLADS-014546,Shri Tapir Gao ,Lok Sabha,Arunachal Pradesh,ARUNACHAL EAST,,,Khonsa,Kheti,Normal/Others,NA - Purchase of furniture and fixtures for educational purposes,DEPUTY COMMISSIONER TIRAP_IDA,2023-12-20,Action Pending,800000,Unsanctioned
MPLADS-014547,Shri Tapir Gao ,Lok Sabha,Arunachal Pradesh,ARUNACHAL EAST,,,HAWAI-WALONG,Samdul,Normal/Others,NA - Construction of bus-sheds or bus-stops,Deputy Commisioner Anjaw_IDA,2023-12-20,Action Pending,500000,Unsanctioned
MPLADS-014549,Shri Tapir Gao ,Lok Sabha,Arunachal Pradesh,ARUNACHAL EAST,,,CHAGLAGAM,Chaglagam,Normal/Others,NA - Construction of community centers and community halls,Deputy Commisioner Anjaw_IDA,2023-12-20,Action Pending,1500000,Unsanctioned
MPLADS-014550,Shri Tapir Gao ,Lok Sabha,Arunachal Pradesh,ARUNACHAL EAST,,,TEZU,Mekailiang,Normal/Others,NA - Purchase of furniture and fixtures for educational purposes,DEPUTY COMMISSIONER LOHIT_IDA,2023-12-20,Action Pending,900000,Unsanctioned
MPLADS-014551,Shri Tapir Gao ,Lok Sabha,Arunachal Pradesh,ARUNACHAL EAST,,,TEZU,Tezu Gam,Normal/Others,NA - Installing tube-wells and borewells,DEPUTY COMMISSIONER LOHIT_IDA,2023-12-20,Action Pending,600000,Unsanctioned
MPLADS-014552,Shri Tapir Gao ,Lok Sabha,Arunachal Pradesh,ARUNACHAL EAST,,,YATDAM,Hatongchu,Normal/Others,NA - Establishing public lift irrigation projects,Deputy Commisioner Changlang_IDA,2023-12-20,Action Pending,500000,Unsanctioned
MPLADS-014553,Shri Tapir Gao ,Lok Sabha,Arunachal Pradesh,ARUNACHAL EAST,,,MARIYANG,Adipasi-Sibuk,Normal/Others,NA - Construction of common work sheds/ common covered sitting area,DC Upper Siang_IDA,2023-12-20,Action Pending,700000,Unsanctioned
MPLADS-014554,Shri Tapir Gao ,Lok Sabha,Arunachal Pradesh,ARUNACHAL EAST,,,GEKU,Komkar(Rasing),Normal/Others,NA - Establishing public lift irrigation projects,DC Upper Siang_IDA,2023-12-20,Action Pending,700000,Unsanctioned
MPLADS-014555,Shri Tapir Gao ,Lok Sabha,Arunachal Pradesh,ARUNACHAL EAST,,,WAKRO,Hallao,Normal/Others,NA - Construction of culverts and bridges,DEPUTY COMMISSIONER LOHIT_IDA,2023-12-20,Action Pending,400000,Unsanctioned
MPLADS-014556,Shri Tapir Gao ,Lok Sabha,Arunachal Pradesh,ARUNACHAL EAST,,,MARIYANG,Bomi,Normal/Others,NA - Construction of water tanks,DC Upper Siang_IDA,2023-12-20,Action Pending,800000,Unsanctioned
MPLADS-014557,Shri Tapir Gao ,Lok Sabha,Arunachal Pradesh,ARUNACHAL EAST,,,YINGKIONG,Simong,Normal/Others,NA - Providing supply pipelines for drinking water,DC Upper Siang_IDA,2023-12-20,Action Pending,1000000,Unsanctioned
MPLADS-014558,Shri Tapir Gao ,Lok Sabha,Arunachal Pradesh,ARUNACHAL EAST,,,Tuting Adc,Tuting Village,Normal/Others,NA - Construction of common work sheds/ common covered sitting area,DC Upper Siang_IDA,2023-12-20,Action Pending,500000,Unsanctioned
MPLADS-015307,Shri Tapir Gao ,Lok Sabha,Arunachal Pradesh,ARUNACHAL EAST,,,WAKRO,Chikrolang,Normal/Others,"NA - Construction of roads, approach roads, link roads and pathways",DEPUTY COMMISSIONER LOHIT_IDA,2023-12-19,Action Pending,1000000,Unsanctioned
MPLADS-015312,Shri Tapir Gao ,Lok Sabha,Arunachal Pradesh,ARUNACHAL EAST,,,NAMSAI,Mengkeng Khamti,Normal/Others,"NA - Construction of roads, approach roads, link roads and pathways",Deputy Commisioner Namsai_IDA,2023-12-19,Action Pending,800000,Unsanctioned
MPLADS-015313,Shri Tapir Gao ,Lok Sabha,Arunachal Pradesh,ARUNACHAL EAST,,,Lathao Circle,Lathao,Normal/Others,"NA - Construction of roads, approach roads, link roads and pathways",Deputy Commisioner Namsai_IDA,2023-12-19,Action Pending,1500000,Unsanctioned
MPLADS-015314,Shri Tapir Gao ,Lok Sabha,Arunachal Pradesh,ARUNACHAL EAST,,,NAMSAI,Kungsung,Normal/Others,"NA - Construction of roads, link roads, pathways or any other road with or without drainage system",Deputy Commisioner Namsai_IDA,2023-12-19,Action Pending,1000000,Unsanctioned
MPLADS-015315,Shri Tapir Gao ,Lok Sabha,Arunachal Pradesh,ARUNACHAL EAST,,,NAMSAI,Sengsap,Normal/Others,"NA - Construction of roads, approach roads, link roads and pathways",Deputy Commisioner Namsai_IDA,2023-12-19,Action Pending,800000,Unsanctioned
MPLADS-015316,Shri Tapir Gao ,Lok Sabha,Arunachal Pradesh,ARUNACHAL EAST,,,Chongkham Eac,Mabira,Normal/Others,NA - Construction of flood control embankments,Deputy Commisioner Namsai_IDA,2023-12-19,Action Pending,800000,Unsanctioned
MPLADS-015317,Shri Tapir Gao ,Lok Sabha,Arunachal Pradesh,ARUNACHAL EAST,,,Sunpura Circle,Jeko,Normal/Others,NA - Construction of culverts and bridges,DEPUTY COMMISSIONER LOHIT_IDA,2023-12-19,Action Pending,800000,Unsanctioned
MPLADS-015318,Shri Tapir Gao ,Lok Sabha,Arunachal Pradesh,ARUNACHAL EAST,,,TEZU,Jeko,Normal/Others,NA - Development of playfields and sports grounds,DEPUTY COMMISSIONER LOHIT_IDA,2023-12-19,Action Pending,500000,Unsanctioned
MPLADS-015320,Shri Tapir Gao ,Lok Sabha,Arunachal Pradesh,ARUNACHAL EAST,,,TEZU,Mekailiang,Normal/Others,NA - Construction of boundary walls of existing public and community buildings,DEPUTY COMMISSIONER LOHIT_IDA,2023-12-19,Action Pending,900000,Unsanctioned
MPLADS-015321,Shri Tapir Gao ,Lok Sabha,Arunachal Pradesh,ARUNACHAL EAST,,,TEZU,Tezu Gam,Normal/Others,"NA - Construction of roads, approach roads, link roads and pathways",DEPUTY COMMISSIONER LOHIT_IDA,2023-12-19,Action Pending,500000,Unsanctioned
MPLADS-015322,Shri Tapir Gao ,Lok Sabha,Arunachal Pradesh,ARUNACHAL EAST,,,TEZU,Tezu Gam,Normal/Others,NA - Construction of boundary walls of existing public and community buildings,DEPUTY COMMISSIONER LOHIT_IDA,2023-12-19,Action Pending,800000,Unsanctioned
MPLADS-015323,Shri Tapir Gao ,Lok Sabha,Arunachal Pradesh,ARUNACHAL EAST,,,TEZU,Tezu Gam,Normal/Others,NA - Construction of boundary walls of existing public and community buildings,DEPUTY COMMISSIONER LOHIT_IDA,2023-12-19,Action Pending,1500000,Unsanctioned
MPLADS-015324,Shri Tapir Gao ,Lok Sabha,Arunachal Pradesh,ARUNACHAL EAST,,,Khimiyang,Chingsa,Normal/Others,NA - Construction of New Building,Deputy Commisioner Changlang_IDA,2023-12-19,Action Pending,400000,Unsanctioned
MPLADS-015325,Shri Tapir Gao ,Lok Sabha,Arunachal Pradesh,ARUNACHAL EAST,,,Ruksin,Ngorlung,Normal/Others,NA - Construction of flood control embankments,Deputy Commisioner East Siang_IDA,2023-12-19,Action Pending,500000,Unsanctioned
MPLADS-015326,Shri Tapir Gao ,Lok Sabha,Arunachal Pradesh,ARUNACHAL EAST,,,TEZU,Tezu Gam,Normal/Others,NA - Construction of boundary walls of existing public and community buildings,DEPUTY COMMISSIONER LOHIT_IDA,2023-12-19,Action Pending,800000,Unsanctioned
MPLADS-015327,Shri Tapir Gao ,Lok Sabha,Arunachal Pradesh,ARUNACHAL EAST,,,Ruksin,Rayang,Normal/Others,"NA - Construction of roads, approach roads, link roads and pathways",Deputy Commisioner East Siang_IDA,2023-12-19,Action Pending,1000000,Unsanctioned
MPLADS-015328,Shri Tapir Gao ,Lok Sabha,Arunachal Pradesh,ARUNACHAL EAST,,,Ruksin,Niglok,Normal/Others,NA - Construction of flood control embankments,Deputy Commisioner East Siang_IDA,2023-12-19,Action Pending,1000000,Unsanctioned
MPLADS-015331,Shri Tapir Gao ,Lok Sabha,Arunachal Pradesh,ARUNACHAL EAST,,,LEKANG,Silatoo Khampti,Repair and Renovation,"NA - Construction of roads, approach roads, link roads and pathways",Deputy Commisioner Namsai_IDA,2023-12-19,Action Pending,800000,Unsanctioned
MPLADS-015440,Shri Tapir Gao ,Lok Sabha,Arunachal Pradesh,ARUNACHAL EAST,,,PANGIN,Koreng,Normal/Others,"NA - Construction of roads, approach roads, link roads and pathways",Deputy Commisioner Siang_IDA,2023-12-18,Action Pending,500000,Unsanctioned
MPLADS-015441,Shri Tapir Gao ,Lok Sabha,Arunachal Pradesh,ARUNACHAL EAST,,,PANGIN,Koreng,Normal/Others,"NA - Construction of roads, approach roads, link roads and pathways",Deputy Commisioner Siang_IDA,2023-12-18,Action Pending,500000,Unsanctioned
MPLADS-015442,Shri Tapir Gao ,Lok Sabha,Arunachal Pradesh,ARUNACHAL EAST,,,Khagam-Miao,Kharsang H.Q.-II (Kharsang Bazar),Normal/Others,NA - Construction of flood control embankments,Deputy Commisioner Changlang_IDA,2023-12-18,Action Pending,1000000,Unsanctioned
MPLADS-015443,Shri Tapir Gao ,Lok Sabha,Arunachal Pradesh,ARUNACHAL EAST,,,ROING,Lupong,Normal/Others,NA - Construction of flood control embankments,Deputy Commisioner Lower Dibang Valley_IDA,2023-12-18,Action Pending,2500000,Unsanctioned
MPLADS-015444,Shri Tapir Gao ,Lok Sabha,Arunachal Pradesh,ARUNACHAL EAST,,,ROING,Lupong,Normal/Others,NA - Construction of flood control embankments,Deputy Commisioner Lower Dibang Valley_IDA,2023-12-18,Action Pending,2500000,Unsanctioned
MPLADS-015888,Shri Tapir Gao ,Lok Sabha,Arunachal Pradesh,ARUNACHAL EAST,,,JENGGING,Karko,Normal/Others,NA - Construction of flood control embankments,DC Upper Siang_IDA,2023-12-17,Action Pending,1000000,Unsanctioned
MPLADS-015907,Shri Tapir Gao ,Lok Sabha,Arunachal Pradesh,ARUNACHAL EAST,,,NAMSAI,Manmow,Normal/Others,NA - Construction of boundary walls of existing public and community buildings,Deputy Commisioner Namsai_IDA,2023-12-17,Action Pending,1000000,Unsanctioned
MPLADS-015912,Shri Tapir Gao ,Lok Sabha,Arunachal Pradesh,ARUNACHAL EAST,,,NAMSAI,Sengsap,Normal/Others,"NA - Construction of roads, approach roads, link roads and pathways",Deputy Commisioner Namsai_IDA,2023-12-17,Action Pending,800000,Unsanctioned
MPLADS-015913,Shri Tapir Gao ,Lok Sabha,Arunachal Pradesh,ARUNACHAL EAST,,,Khonsa Hq,Lapnan,Repair and Renovation,NA - Construction of culverts and bridges,DEPUTY COMMISSIONER TIRAP_IDA,2023-12-17,Action Pending,1500000,Unsanctioned
MPLADS-015914,Shri Tapir Gao ,Lok Sabha,Arunachal Pradesh,ARUNACHAL EAST,,,PONGCHAU,Bonia,Normal/Others,NA - Tree plantation for community,Deputy Commisioner Longding_IDA,2023-12-17,Action Pending,500000,Unsanctioned
MPLADS-015915,Shri Tapir Gao ,Lok Sabha,Arunachal Pradesh,ARUNACHAL EAST,,,Ruksin,Bamin,Normal/Others,NA - Construction of flood control embankments,Deputy Commisioner East Siang_IDA,2023-12-17,Action Pending,300000,Unsanctioned
MPLADS-015916,Shri Tapir Gao ,Lok Sabha,Arunachal Pradesh,ARUNACHAL EAST,,,Ruksin,Rayang,Normal/Others,NA - Construction of flood control embankments,Deputy Commisioner East Siang_IDA,2023-12-17,Action Pending,600000,Unsanctioned
MPLADS-015917,Shri Tapir Gao ,Lok Sabha,Arunachal Pradesh,ARUNACHAL EAST,,,Ruksin,Rani,Normal/Others,NA - Purchase of non-conventional energy system and devices for community use,Deputy Commisioner East Siang_IDA,2023-12-17,Action Pending,300000,Unsanctioned
MPLADS-015921,Shri Tapir Gao ,Lok Sabha,Arunachal Pradesh,ARUNACHAL EAST,,,Ruksin,Mangnang,Normal/Others,NA - Construction of flood control embankments,Deputy Commisioner East Siang_IDA,2023-12-17,Action Pending,700000,Unsanctioned
MPLADS-015971,Shri Tapir Gao ,Lok Sabha,Arunachal Pradesh,ARUNACHAL EAST,,,Ruksin,Ruksin,Normal/Others,NA - Purchase of furniture and fixtures for educational purposes,Deputy Commisioner East Siang_IDA,2023-12-16,Action Pending,600000,Unsanctioned
MPLADS-015972,Shri Tapir Gao ,Lok Sabha,Arunachal Pradesh,ARUNACHAL EAST,,,Ruksin,Remi,Normal/Others,NA - Construction of boundary walls of existing public and community buildings,Deputy Commisioner East Siang_IDA,2023-12-16,Action Pending,600000,Unsanctioned
MPLADS-015973,Shri Tapir Gao ,Lok Sabha,Arunachal Pradesh,ARUNACHAL EAST,,,Ruksin,12th Mile,Normal/Others,NA - Construction of toilet blocks,Deputy Commisioner East Siang_IDA,2023-12-16,Action Pending,400000,Unsanctioned
MPLADS-015974,Shri Tapir Gao ,Lok Sabha,Arunachal Pradesh,ARUNACHAL EAST,,,Ruksin,12th Mile,Normal/Others,"NA - Construction of roads, approach roads, link roads and pathways",Deputy Commisioner East Siang_IDA,2023-12-16,Action Pending,1000000,Unsanctioned
MPLADS-015977,Shri Tapir Gao ,Lok Sabha,Arunachal Pradesh,ARUNACHAL EAST,,,Ruksin,Rani,Normal/Others,"NA - Construction of roads, approach roads, link roads and pathways",Deputy Commisioner East Siang_IDA,2023-12-16,Action Pending,1000000,Unsanctioned
MPLADS-015979,Shri Tapir Gao ,Lok Sabha,Arunachal Pradesh,ARUNACHAL EAST,,,Pangin Eac,Lokpeng,Normal/Others,NA - Construction of public irrigation facilities,Deputy Commisioner Siang_IDA,2023-12-16,Action Pending,300000,Unsanctioned
MPLADS-015980,Shri Tapir Gao ,Lok Sabha,Arunachal Pradesh,ARUNACHAL EAST,,,Pasighat,Tekang I,Normal/Others,NA - Construction of culverts and bridges,Deputy Commisioner East Siang_IDA,2023-12-16,Action Pending,300000,Unsanctioned
MPLADS-015981,Shri Tapir Gao ,Lok Sabha,Arunachal Pradesh,ARUNACHAL EAST,PASIGHAT,2,,,Normal/Others,NA - Construction of boundary walls of existing public and community buildings,Deputy Commisioner East Siang_IDA,2023-12-16,Action Pending,2000000,Unsanctioned
MPLADS-015982,Shri Tapir Gao ,Lok Sabha,Arunachal Pradesh,ARUNACHAL EAST,,,KANUBARI,Lawnu,Normal/Others,"NA - Construction of roads, link roads, pathways or any other road with or without drainage system",Deputy Commisioner Longding_IDA,2023-12-16,Action Pending,500000,Unsanctioned
MPLADS-015983,Shri Tapir Gao ,Lok Sabha,Arunachal Pradesh,ARUNACHAL EAST,,,Deomali Adc,Namsang,Normal/Others,"NA - Construction of roads, approach roads, link roads and pathways",DEPUTY COMMISSIONER TIRAP_IDA,2023-12-16,Action Pending,1000000,Unsanctioned
MPLADS-015994,Shri Tapir Gao ,Lok Sabha,Arunachal Pradesh,ARUNACHAL EAST,,,Ruksin,Debing,Normal/Others,NA - Construction of public irrigation facilities,Deputy Commisioner East Siang_IDA,2023-12-16,Action Pending,500000,Unsanctioned
MPLADS-016024,Shri Tapir Gao ,Lok Sabha,Arunachal Pradesh,ARUNACHAL EAST,,,Ruksin,Oyan Village,Normal/Others,NA - Construction of public irrigation facilities,Deputy Commisioner East Siang_IDA,2023-12-16,Action Pending,800000,Unsanctioned
MPLADS-016633,Shri Tapir Gao ,Lok Sabha,Arunachal Pradesh,ARUNACHAL EAST,,,ROING,Bolik,Normal/Others,"NA - Construction of roads, approach roads, link roads and pathways",Deputy Commisioner Lower Dibang Valley_IDA,2023-12-15,Action Pending,800000,Unsanctioned
MPLADS-016634,Shri Tapir Gao ,Lok Sabha,Arunachal Pradesh,ARUNACHAL EAST,,,Khonsa,Khonsa,Normal/Others,NA - Construction of boundary walls of existing public and community buildings,DEPUTY COMMISSIONER TIRAP_IDA,2023-12-15,Action Pending,1000000,Unsanctioned
MPLADS-016635,Shri Tapir Gao ,Lok Sabha,Arunachal Pradesh,ARUNACHAL EAST,,,Katang Circle,New Bunting,Normal/Others,"NA - Construction of roads, approach roads, link roads and pathways",DEPUTY COMMISSIONER TIRAP_IDA,2023-12-15,Action Pending,500000,Unsanctioned
MPLADS-016636,Shri Tapir Gao ,Lok Sabha,Arunachal Pradesh,ARUNACHAL EAST,,,Manmao,Manmao Village,Normal/Others,NA - Creation of new ponds,Deputy Commisioner Changlang_IDA,2023-12-15,Action Pending,400000,Unsanctioned
MPLADS-016637,Shri Tapir Gao ,Lok Sabha,Arunachal Pradesh,ARUNACHAL EAST,,,CHANGLANG,Old Changlang,Normal/Others,NA - Construction of buildings for community cultural activities,Deputy Commisioner Changlang_IDA,2023-12-15,Action Pending,1500000,Unsanctioned
MPLADS-016638,Shri Tapir Gao ,Lok Sabha,Arunachal Pradesh,ARUNACHAL EAST,,,NAMSAI,Samuguri,Normal/Others,NA - Construction of boundary walls of existing public and community buildings,Deputy Commisioner Namsai_IDA,2023-12-15,Action Pending,400000,Unsanctioned
MPLADS-016639,Shri Tapir Gao ,Lok Sabha,Arunachal Pradesh,ARUNACHAL EAST,,,Namsai Hq,Dhonekhona,Normal/Others,NA - Construction of boundary walls of existing public and community buildings,Deputy Commisioner Namsai_IDA,2023-12-15,Action Pending,400000,Unsanctioned
MPLADS-016640,Shri Tapir Gao ,Lok Sabha,Arunachal Pradesh,ARUNACHAL EAST,,,NAMSAI,Mengkenmiri,Normal/Others,NA - Construction of boundary walls of existing public and community buildings,Deputy Commisioner Namsai_IDA,2023-12-15,Action Pending,400000,Unsanctioned
MPLADS-016641,Shri Tapir Gao ,Lok Sabha,Arunachal Pradesh,ARUNACHAL EAST,,,HAYULIANG,Hayuliang,Normal/Others,NA - Construction of boundary walls of existing public and community buildings,Deputy Commisioner Anjaw_IDA,2023-12-15,Action Pending,2000000,Unsanctioned
MPLADS-016642,Shri Tapir Gao ,Lok Sabha,Arunachal Pradesh,ARUNACHAL EAST,,,HAYULIANG,Khupa Township,Normal/Others,NA - Providing drains and gutters for public drainage,Deputy Commisioner Anjaw_IDA,2023-12-15,Action Pending,1000000,Unsanctioned
MPLADS-016643,Shri Tapir Gao ,Lok Sabha,Arunachal Pradesh,ARUNACHAL EAST,,,TEZU,Sunpura,Normal/Others,"NA - Construction of roads, approach roads, link roads and pathways",DEPUTY COMMISSIONER LOHIT_IDA,2023-12-15,Action Pending,1500000,Unsanctioned
MPLADS-016644,Shri Tapir Gao ,Lok Sabha,Arunachal Pradesh,ARUNACHAL EAST,,,DAMBUK,Bizari I,Normal/Others,NA - Construction of flood control embankments,Deputy Commisioner Lower Dibang Valley_IDA,2023-12-15,Action Pending,1500000,Unsanctioned
MPLADS-016645,Shri Tapir Gao ,Lok Sabha,Arunachal Pradesh,ARUNACHAL EAST,,,DAMBUK,Sirang,Normal/Others,NA - Construction of water tanks,Deputy Commisioner Lower Dibang Valley_IDA,2023-12-15,Action Pending,400000,Unsanctioned
MPLADS-016646,Shri Tapir Gao ,Lok Sabha,Arunachal Pradesh,ARUNACHAL EAST,,,ROING,Asali,Normal/Others,NA - Construction of toilet blocks,Deputy Commisioner Lower Dibang Valley_IDA,2023-12-15,Action Pending,500000,Unsanctioned
MPLADS-016647,Shri Tapir Gao ,Lok Sabha,Arunachal Pradesh,ARUNACHAL EAST,,,Ruksin,Sikabamin,Normal/Others,NA - Construction of rooms and halls in school and colleges,Deputy Commisioner East Siang_IDA,2023-12-15,Action Pending,800000,Unsanctioned
MPLADS-016648,Shri Tapir Gao ,Lok Sabha,Arunachal Pradesh,ARUNACHAL EAST,,,ROING,Meka-I,Normal/Others,NA - Development of playground,Deputy Commisioner Lower Dibang Valley_IDA,2023-12-15,Action Pending,1500000,Unsanctioned
MPLADS-016649,Shri Tapir Gao ,Lok Sabha,Arunachal Pradesh,ARUNACHAL EAST,,,Pasighat Hq,Yagrung I,Normal/Others,"NA - Construction of roads, approach roads, link roads and pathways",Deputy Commisioner East Siang_IDA,2023-12-15,Action Pending,1000000,Unsanctioned
MPLADS-016650,Shri Tapir Gao ,Lok Sabha,Arunachal Pradesh,ARUNACHAL EAST,,,YINGKIONG,Gobuk,Normal/Others,NA - Creation of new ponds,DC Upper Siang_IDA,2023-12-15,Action Pending,500000,Unsanctioned
MPLADS-016651,Shri Tapir Gao ,Lok Sabha,Arunachal Pradesh,ARUNACHAL EAST,,,TUTING,Palling,Normal/Others,NA - Construction of public irrigation facilities,DC Upper Siang_IDA,2023-12-15,Action Pending,300000,Unsanctioned
MPLADS-016652,Shri Tapir Gao ,Lok Sabha,Arunachal Pradesh,ARUNACHAL EAST,,,Rebo Parging,Komsing(Karo),Normal/Others,NA - Construction of flood control embankments,Deputy Commisioner Siang_IDA,2023-12-15,Action Pending,500000,Unsanctioned
MPLADS-016653,Shri Tapir Gao ,Lok Sabha,Arunachal Pradesh,ARUNACHAL EAST,,,Rebo Parging,Komsing(Kumku),Normal/Others,NA - Construction of toilet blocks,Deputy Commisioner Siang_IDA,2023-12-15,Action Pending,500000,Unsanctioned
MPLADS-016660,Shri Tapir Gao ,Lok Sabha,Arunachal Pradesh,ARUNACHAL EAST,,,WAKKA,Chongkhow,Normal/Others,NA - Providing drains and gutters for public drainage,Deputy Commisioner Longding_IDA,2023-12-15,Action Pending,1000000,Unsanctioned
MPLADS-016661,Shri Tapir Gao ,Lok Sabha,Arunachal Pradesh,ARUNACHAL EAST,,,Ruksin,Lingka,Normal/Others,NA - Construction of culverts and bridges,Deputy Commisioner East Siang_IDA,2023-12-15,Action Pending,400000,Unsanctioned
MPLADS-016677,Shri Tapir Gao ,Lok Sabha,Arunachal Pradesh,ARUNACHAL EAST,,,Ruksin,Lingka,Normal/Others,NA - Construction of flood control embankments,Deputy Commisioner East Siang_IDA,2023-12-15,Action Pending,400000,Unsanctioned
MPLADS-048995,Nabam Rebia (SRS),Rajya Sabha,Arunachal Pradesh,Sitting Rajya Sabha,,,DOIMUKH,Yupia,Normal/Others,WS/MP830/2023-2024/14073 - Construction of flood control embankments,DEPUTY COMMISSIONER PAPUM PARE_IDA,2023-08-29,Approved by IDA,1000000,Sanctioned
MPLADS-049690,Nabam Rebia (SRS),Rajya Sabha,Arunachal Pradesh,Sitting Rajya Sabha,DOIMUKH,YUPIA,,,Normal/Others,WS/MP830/2023-2024/13088 - Purchase of books for public libraries,DEPUTY COMMISSIONER PAPUM PARE_IDA,2023-08-25,Approved by IDA,1000000,Sanctioned
MPLADS-053315,Nabam Rebia (SRS),Rajya Sabha,Arunachal Pradesh,Sitting Rajya Sabha,,,DOIMUKH,Nonpu,Normal/Others,WS/MP830/2023-2024/8357 - Installing tube-wells and borewells,DEPUTY COMMISSIONER PAPUM PARE_IDA,2023-08-08,Approved by IDA,1000000,Sanctioned
MPLADS-053316,Nabam Rebia (SRS),Rajya Sabha,Arunachal Pradesh,Sitting Rajya Sabha,,,DOIMUKH,Denka,Normal/Others,WS/MP830/2023-2024/8356 - Construction of public irrigation facilities,DEPUTY COMMISSIONER PAPUM PARE_IDA,2023-08-08,Approved by IDA,500000,Sanctioned
MPLADS-053317,Nabam Rebia (SRS),Rajya Sabha,Arunachal Pradesh,Sitting Rajya Sabha,,,BALIJAN,Poma,Normal/Others,WS/MP830/2023-2024/8355 - Construction of common work sheds/ common covered sitting area,DEPUTY COMMISSIONER PAPUM PARE_IDA,2023-08-08,Approved by IDA,500000,Completed
MPLADS-053318,Nabam Rebia (SRS),Rajya Sabha,Arunachal Pradesh,Sitting Rajya Sabha,,,DOIMUKH,Nonpu,Normal/Others,WS/MP830/2023-2024/8354 - Construction of public toilets and bathrooms,DEPUTY COMMISSIONER PAPUM PARE_IDA,2023-08-08,Approved by IDA,1500000,Sanctioned
MPLADS-053319,Nabam Rebia (SRS),Rajya Sabha,Arunachal Pradesh,Sitting Rajya Sabha,,,BALIJAN,Yadang - II,Normal/Others,"WS/MP830/2023-2024/8353 - Construction of roads, approach roads, link roads and pathways",DEPUTY COMMISSIONER PAPUM PARE_IDA,2023-08-08,Approved by IDA,500000,Sanctioned
MPLADS-053320,Nabam Rebia (SRS),Rajya Sabha,Arunachal Pradesh,Sitting Rajya Sabha,,,BALIJAN,Balijan H.Q.,Normal/Others,WS/MP830/2023-2024/8352 - Construction of culverts and bridges,DEPUTY COMMISSIONER PAPUM PARE_IDA,2023-08-08,Approved by IDA,1500000,Unsanctioned
MPLADS-053321,Nabam Rebia (SRS),Rajya Sabha,Arunachal Pradesh,Sitting Rajya Sabha,,,BALIJAN,Sangdupota,Normal/Others,WS/MP830/2023-2024/8351 - Construction of community centers and community halls,DEPUTY COMMISSIONER PAPUM PARE_IDA,2023-08-08,Approved by IDA,1000000,Sanctioned
MPLADS-053322,Nabam Rebia (SRS),Rajya Sabha,Arunachal Pradesh,Sitting Rajya Sabha,,,BALIJAN,Sumukjuli,Normal/Others,WS/MP830/2023-2024/8350 - Construction of footpaths and pedestrian ways,DEPUTY COMMISSIONER PAPUM PARE_IDA,2023-08-08,Approved by IDA,1000000,
MPLADS-053326,Nabam Rebia (SRS),Rajya Sabha,Arunachal Pradesh,Sitting Rajya Sabha,KIMIN,KIMIN,,,Normal/Others,WS/MP830/2023-2024/8349 - Improvement of electricity distribution infrastructure,DEPUTY COMMISSIONER PAPUM PARE_IDA,2023-08-08,Approved by IDA,4000000,
MPLADS-053327,Nabam Rebia (SRS),Rajya Sabha,Arunachal Pradesh,Sitting Rajya Sabha,,,BALIJAN,Balijan H.Q.,Normal/Others,WS/MP830/2023-2024/8348 - Construction of boundary walls of existing public and community buildings,DEPUTY COMMISSIONER PAPUM PARE_IDA,2023-08-08,Approved by IDA,5000000,Sanctioned
MPLADS-053328,Nabam Rebia (SRS),Rajya Sabha,Arunachal Pradesh,Sitting Rajya Sabha,,,BALIJAN,Balijan H.Q.,Normal/Others,WS/MP830/2023-2024/8347 - Construction of boundary walls of existing public and community buildings,DEPUTY COMMISSIONER PAPUM PARE_IDA,2023-08-08,Approved by IDA,3000000,
MPLADS-053356,Nabam Rebia (SRS),Rajya Sabha,Arunachal Pradesh,Sitting Rajya Sabha,,,BALIJAN,Balijan H.Q.,Normal/Others,NA - Providing CCTV camera system for security of public areas,DEPUTY COMMISSIONER PAPUM PARE_IDA,2023-08-08,Action Pending,1000000,Unsanctioned
MPLADS-053368,Nabam Rebia (SRS),Rajya Sabha,Arunachal Pradesh,Sitting Rajya Sabha,Naharlagun,Naharlagun,,,Normal/Others,NA - Construction of boundary walls of existing public and community buildings,DEPUTY COMMISSIONER PAPUM PARE_IDA,2023-08-08,Action Pending,2000000,Unsanctioned
MPLADS-053369,Nabam Rebia (SRS),Rajya Sabha,Arunachal Pradesh,Sitting Rajya Sabha,,,KIMIN,Lora,Normal/Others,WS/MP830/2023-2024/8361 - Improvement of electricity distribution infrastructure,DEPUTY COMMISSIONER PAPUM PARE_IDA,2023-08-08,Approved by IDA,1000000,
MPLADS-053411,Nabam Rebia (SRS),Rajya Sabha,Arunachal Pradesh,Sitting Rajya Sabha,ITANAGAR,VIVEK VIHAR,,,Normal/Others,NA - Construction of flood control embankments,DEPUTY COMMISSIONER PAPUM PARE_IDA,2023-08-08,Action Pending,500000,Unsanctioned
MPLADS-053414,Nabam Rebia (SRS),Rajya Sabha,Arunachal Pradesh,Sitting Rajya Sabha,,,DOIMUKH,Rose,Normal/Others,WS/MP830/2023-2024/8509 - Construction of common work sheds/ common covered sitting area,DEPUTY COMMISSIONER PAPUM PARE_IDA,2023-08-08,Approved by IDA,500000,Sanctioned
MPLADS-053415,Nabam Rebia (SRS),Rajya Sabha,Arunachal Pradesh,Sitting Rajya Sabha,DOIMUKH,Banderdewa 5/1,,,Normal/Others,WS/MP830/2023-2024/8370 - Construction of culverts and bridges,DEPUTY COMMISSIONER PAPUM PARE_IDA,2023-08-08,Approved by IDA,500000,Ongoing
MPLADS-053416,Nabam Rebia (SRS),Rajya Sabha,Arunachal Pradesh,Sitting Rajya Sabha,,,SAGALEE,Old Market Sagalee - I,Normal/Others,WS/MP830/2023-2024/8369 - Construction of public irrigation facilities,DEPUTY COMMISSIONER PAPUM PARE_IDA,2023-08-08,Approved by IDA,500000,Sanctioned
MPLADS-053417,Nabam Rebia (SRS),Rajya Sabha,Arunachal Pradesh,Sitting Rajya Sabha,,,MECHUKA-TATO,Tato H.Q. (including Labour Camp),Normal/Others,NA - Construction of flood control embankments,Deputy Commisioner Shi Yomi_IDA,2023-08-08,Action Pending,500000,Unsanctioned
MPLADS-053418,Nabam Rebia (SRS),Rajya Sabha,Arunachal Pradesh,Sitting Rajya Sabha,,,BALIJAN,Sangdupota,Normal/Others,"WS/MP830/2023-2024/8367 - Construction of roads, approach roads, link roads and pathways",DEPUTY COMMISSIONER PAPUM PARE_IDA,2023-08-08,Approved by IDA,500000,Unsanctioned
MPLADS-053419,Nabam Rebia (SRS),Rajya Sabha,Arunachal Pradesh,Sitting Rajya Sabha,,,DOIMUKH,Sopo,Normal/Others,WS/MP830/2023-2024/8366 - Providing supply pipelines for drinking water,DEPUTY COMMISSIONER PAPUM PARE_IDA,2023-08-08,Approved by IDA,1500000,Unsanctioned
MPLADS-053420,Nabam Rebia (SRS),Rajya Sabha,Arunachal Pradesh,Sitting Rajya Sabha,,,BALIJAN,Tubung,Normal/Others,WS/MP830/2023-2024/8365 - Construction of public irrigation facilities,DEPUTY COMMISSIONER PAPUM PARE_IDA,2023-08-08,Approved by IDA,2500000,Sanctioned
MPLADS-053429,Nabam Rebia (SRS),Rajya Sabha,Arunachal Pradesh,Sitting Rajya Sabha,,,DOIMUKH,Gumto,Normal/Others,WS/MP830/2023-2024/8364 - Street lights,DEPUTY COMMISSIONER PAPUM PARE_IDA,2023-08-08,Approved by IDA,1000000,
MPLADS-053450,Nabam Rebia (SRS),Rajya Sabha,Arunachal Pradesh,Sitting Rajya Sabha,,,BALIJAN,Dariabil,Normal/Others,WS/MP830/2023-2024/8362 - Construction of rooms and halls in school and colleges,DEPUTY COMMISSIONER PAPUM PARE_IDA,2023-08-08,Approved by IDA,1000000,Sanctioned
MPLADS-053458,Nabam Rebia (SRS),Rajya Sabha,Arunachal Pradesh,Sitting Rajya Sabha,,,DOIMUKH,Mani,Normal/Others,WS/MP830/2023-2024/8346 - Construction of public toilets and bathrooms,DEPUTY COMMISSIONER PAPUM PARE_IDA,2023-08-07,Approved by IDA,1000000,Sanctioned
MPLADS-053459,Nabam Rebia (SRS),Rajya Sabha,Arunachal Pradesh,Sitting Rajya Sabha,ITANAGAR,Itanagar,,,Normal/Others,WS/MP830/2023-2024/8344 - Construction of stadiums,DEPUTY COMMISSIONER PAPUM PARE_IDA,2023-08-07,Approved by IDA,1500000,
MPLADS-053460,Nabam Rebia (SRS),Rajya Sabha,Arunachal Pradesh,Sitting Rajya Sabha,,,DIRANG,Dirang Village,Normal/Others,"NA - Construction of roads, approach roads, link roads and pathways",Deputy Commisioner West Kameng_IDA,2023-08-07,Action Pending,2000000,Unsanctioned
MPLADS-053461,Nabam Rebia (SRS),Rajya Sabha,Arunachal Pradesh,Sitting Rajya Sabha,,,BALIJAN,Balijan H.Q.,Normal/Others,WS/MP830/2023-2024/8342 - Construction of community centers and community halls,DEPUTY COMMISSIONER PAPUM PARE_IDA,2023-08-07,Approved by IDA,5000000,Sanctioned
MPLADS-053462,Nabam Rebia (SRS),Rajya Sabha,Arunachal Pradesh,Sitting Rajya Sabha,,,LIROMOBA-YOMCHA,Liromoba H.Q.,Normal/Others,NA - Construction of public toilets and bathrooms,DEPUTY COMMISSIONER WEST SIANG_IDA,2023-08-07,Action Pending,2000000,Unsanctioned
MPLADS-053463,Nabam Rebia (SRS),Rajya Sabha,Arunachal Pradesh,Sitting Rajya Sabha,,,TALIHA,Taliha H.Q.,Normal/Others,"NA - Construction of roads, approach roads, link roads and pathways",Deputy Commisioner Upper Subansiri_IDA,2023-08-07,Action Pending,3000000,Unsanctioned
